|1|北京市|1|0|0
|2|市辖区|1|1|0
|3|东城区|1|2|0
|4|西城区|1|2|0
|5|崇文区|1|2|0
|6|宣武区|1|2|0
|7|朝阳区|1|2|0
|8|丰台区|1|2|0
|9|石景山区|1|2|0
|10|海淀区|1|2|0
|11|门头沟区|1|2|0
|12|房山区|1|2|0
|13|通州区|1|2|0
|14|顺义区|1|2|0
|15|昌平区|1|2|0
|16|大兴区|1|2|0
|17|怀柔区|1|2|0
|18|平谷区|1|2|0
|19|县|1|1|0
|20|密云县|1|19|0
|21|延庆县|1|19|0
|22|天津市|1|0|0
|23|市辖区|1|22|0
|24|和平区|1|23|0
|25|河东区|1|23|0
|26|河西区|1|23|0
|27|南开区|1|23|0
|28|河北区|1|23|0
|29|红桥区|1|23|0
|30|塘沽区|1|23|0
|31|汉沽区|1|23|0
|32|大港区|1|23|0
|33|东丽区|1|23|0
|34|西青区|1|23|0
|35|津南区|1|23|0
|36|北辰区|1|23|0
|37|武清区|1|23|0
|38|宝坻区|1|23|0
|39|县|1|22|0
|40|宁河县|1|39|0
|41|静海县|1|39|0
|42|蓟县|1|39|0
|43|河北省|1|0|0
|44|石家庄市|1|43|0
|45|市辖区|1|44|0
|46|长安区|1|44|0
|47|桥东区|1|44|0
|48|桥西区|1|44|0
|49|新华区|1|44|0
|50|井陉矿区|1|44|0
|51|裕华区|1|44|0
|52|井陉县|1|44|0
|53|正定县|1|44|0
|54|栾城县|1|44|0
|55|行唐县|1|44|0
|56|灵寿县|1|44|0
|57|高邑县|1|44|0
|58|深泽县|1|44|0
|59|赞皇县|1|44|0
|60|无极县|1|44|0
|61|平山县|1|44|0
|62|元氏县|1|44|0
|63|赵县|1|44|0
|64|辛集市|1|44|0
|65|藁城市|1|44|0
|66|晋州市|1|44|0
|67|新乐市|1|44|0
|68|鹿泉市|1|44|0
|69|唐山市|1|43|0
|70|市辖区|1|69|0
|71|路南区|1|69|0
|72|路北区|1|69|0
|73|古冶区|1|69|0
|74|开平区|1|69|0
|75|丰南区|1|69|0
|76|丰润区|1|69|0
|77|滦县|1|69|0
|78|滦南县|1|69|0
|79|乐亭县|1|69|0
|80|迁西县|1|69|0
|81|玉田县|1|69|0
|82|唐海县|1|69|0
|83|遵化市|1|69|0
|84|迁安市|1|69|0
|85|秦皇岛市|1|43|0
|86|市辖区|1|85|0
|87|海港区|1|85|0
|88|山海关区|1|85|0
|89|北戴河区|1|85|0
|90|青龙满族自治县|1|85|0
|91|昌黎县|1|85|0
|92|抚宁县|1|85|0
|93|卢龙县|1|85|0
|94|邯郸市|1|43|0
|95|市辖区|1|94|0
|96|邯山区|1|94|0
|97|丛台区|1|94|0
|98|复兴区|1|94|0
|99|峰峰矿区|1|94|0
|100|邯郸县|1|94|0
|101|临漳县|1|94|0
|102|成安县|1|94|0
|103|大名县|1|94|0
|104|涉县|1|94|0
|105|磁县|1|94|0
|106|肥乡县|1|94|0
|107|永年县|1|94|0
|108|邱县|1|94|0
|109|鸡泽县|1|94|0
|110|广平县|1|94|0
|111|馆陶县|1|94|0
|112|魏县|1|94|0
|113|曲周县|1|94|0
|114|武安市|1|94|0
|115|邢台市|1|43|0
|116|市辖区|1|115|0
|117|桥东区|1|115|0
|118|桥西区|1|115|0
|119|邢台县|1|115|0
|120|临城县|1|115|0
|121|内丘县|1|115|0
|122|柏乡县|1|115|0
|123|隆尧县|1|115|0
|124|任县|1|115|0
|125|南和县|1|115|0
|126|宁晋县|1|115|0
|127|巨鹿县|1|115|0
|128|新河县|1|115|0
|129|广宗县|1|115|0
|130|平乡县|1|115|0
|131|威县|1|115|0
|132|清河县|1|115|0
|133|临西县|1|115|0
|134|南宫市|1|115|0
|135|沙河市|1|115|0
|136|保定市|1|43|0
|137|市辖区|1|136|0
|138|新市区|1|136|0
|139|北市区|1|136|0
|140|南市区|1|136|0
|141|满城县|1|136|0
|142|清苑县|1|136|0
|143|涞水县|1|136|0
|144|阜平县|1|136|0
|145|徐水县|1|136|0
|146|定兴县|1|136|0
|147|唐县|1|136|0
|148|高阳县|1|136|0
|149|容城县|1|136|0
|150|涞源县|1|136|0
|151|望都县|1|136|0
|152|安新县|1|136|0
|153|易县|1|136|0
|154|曲阳县|1|136|0
|155|蠡县|1|136|0
|156|顺平县|1|136|0
|157|博野县|1|136|0
|158|雄县|1|136|0
|159|涿州市|1|136|0
|160|定州市|1|136|0
|161|安国市|1|136|0
|162|高碑店市|1|136|0
|163|张家口市|1|43|0
|164|市辖区|1|163|0
|165|桥东区|1|163|0
|166|桥西区|1|163|0
|167|宣化区|1|163|0
|168|下花园区|1|163|0
|169|宣化县|1|163|0
|170|张北县|1|163|0
|171|康保县|1|163|0
|172|沽源县|1|163|0
|173|尚义县|1|163|0
|174|蔚县|1|163|0
|175|阳原县|1|163|0
|176|怀安县|1|163|0
|177|万全县|1|163|0
|178|怀来县|1|163|0
|179|涿鹿县|1|163|0
|180|赤城县|1|163|0
|181|崇礼县|1|163|0
|182|承德市|1|43|0
|183|市辖区|1|182|0
|184|双桥区|1|182|0
|185|双滦区|1|182|0
|186|鹰手营子矿区|1|182|0
|187|承德县|1|182|0
|188|兴隆县|1|182|0
|189|平泉县|1|182|0
|190|滦平县|1|182|0
|191|隆化县|1|182|0
|192|丰宁满族自治县|1|182|0
|193|宽城满族自治县|1|182|0
|194|围场满族蒙古族自治县|1|182|0
|195|沧州市|1|182|0
|196|廊坊市|1|43|0
|197|市辖区|1|196|0
|198|安次区|1|196|0
|199|广阳区|1|196|0
|200|固安县|1|196|0
|201|永清县|1|196|0
|202|香河县|1|196|0
|203|大城县|1|196|0
|204|文安县|1|196|0
|205|大厂回族自治县|1|196|0
|206|霸州市|1|196|0
|207|三河市|1|196|0
|208|衡水市|1|43|0
|209|市辖区|1|208|0
|210|桃城区|1|208|0
|211|枣强县|1|208|0
|212|武邑县|1|208|0
|213|武强县|1|208|0
|214|饶阳县|1|208|0
|215|安平县|1|208|0
|216|故城县|1|208|0
|217|景县|1|208|0
|218|阜城县|1|208|0
|219|冀州市|1|208|0
|220|深州市|1|208|0
|221|山西省|1|0|0
|222|太原市|1|221|0
|223|市辖区|1|222|0
|224|小店区|1|222|0
|225|迎泽区|1|222|0
|226|杏花岭区|1|222|0
|227|尖草坪区|1|222|0
|228|万柏林区|1|222|0
|229|晋源区|1|222|0
|230|清徐县|1|222|0
|231|阳曲县|1|222|0
|232|娄烦县|1|222|0
|233|古交市|1|222|0
|234|大同市|1|221|0
|235|市辖区|1|234|0
|236|城区|1|234|0
|237|矿区|1|234|0
|238|南郊区|1|234|0
|239|新荣区|1|234|0
|240|阳高县|1|234|0
|241|天镇县|1|234|0
|242|广灵县|1|234|0
|243|灵丘县|1|234|0
|244|浑源县|1|234|0
|245|左云县|1|234|0
|246|大同县|1|234|0
|247|阳泉市|1|221|0
|248|市辖区|1|247|0
|249|城区|1|247|0
|250|矿区|1|247|0
|251|郊区|1|247|0
|252|平定县|1|247|0
|253|盂县|1|247|0
|254|长治市|1|221|0
|255|市辖区|1|254|0
|256|城区|1|254|0
|257|郊区|1|254|0
|258|长治县|1|254|0
|259|襄垣县|1|254|0
|260|屯留县|1|254|0
|261|平顺县|1|254|0
|262|黎城县|1|254|0
|263|壶关县|1|254|0
|264|长子县|1|254|0
|265|武乡县|1|254|0
|266|沁县|1|254|0
|267|沁源县|1|254|0
|268|潞城市|1|254|0
|269|晋城市|1|221|0
|270|市辖区|1|269|0
|271|城区|1|269|0
|272|沁水县|1|269|0
|273|阳城县|1|269|0
|274|陵川县|1|269|0
|275|泽州县|1|269|0
|276|高平市|1|269|0
|277|朔州市|1|221|0
|278|市辖区|1|277|0
|279|朔城区|1|277|0
|280|平鲁区|1|277|0
|281|山阴县|1|277|0
|282|应县|1|277|0
|283|右玉县|1|277|0
|284|怀仁县|1|277|0
|285|晋中市|1|221|0
|286|市辖区|1|285|0
|287|榆次区|1|285|0
|288|榆社县|1|285|0
|289|左权县|1|285|0
|290|和顺县|1|285|0
|291|昔阳县|1|285|0
|292|寿阳县|1|285|0
|293|太谷县|1|285|0
|294|祁县|1|285|0
|295|平遥县|1|285|0
|296|灵石县|1|285|0
|297|介休市|1|285|0
|298|运城市|1|221|0
|299|市辖区|1|298|0
|300|盐湖区|1|298|0
|301|临猗县|1|298|0
|302|万荣县|1|298|0
|303|闻喜县|1|298|0
|304|稷山县|1|298|0
|305|新绛县|1|298|0
|306|绛县|1|298|0
|307|垣曲县|1|298|0
|308|夏县|1|298|0
|309|平陆县|1|298|0
|310|芮城县|1|298|0
|311|永济市|1|298|0
|312|河津市|1|298|0
|313|忻州市|1|221|0
|314|市辖区|1|313|0
|315|忻府区|1|313|0
|316|定襄县|1|313|0
|317|五台县|1|313|0
|318|代县|1|313|0
|319|繁峙县|1|313|0
|320|宁武县|1|313|0
|321|静乐县|1|313|0
|322|神池县|1|313|0
|323|五寨县|1|313|0
|324|岢岚县|1|313|0
|325|河曲县|1|313|0
|326|保德县|1|313|0
|327|偏关县|1|313|0
|328|原平市|1|313|0
|329|临汾市|1|221|0
|330|市辖区|1|329|0
|331|尧都区|1|329|0
|332|曲沃县|1|329|0
|333|翼城县|1|329|0
|334|襄汾县|1|329|0
|335|洪洞县|1|329|0
|336|古县|1|329|0
|337|安泽县|1|329|0
|338|浮山县|1|329|0
|339|吉县|1|329|0
|340|乡宁县|1|329|0
|341|大宁县|1|329|0
|342|隰县|1|329|0
|343|永和县|1|329|0
|344|蒲县|1|329|0
|345|汾西县|1|329|0
|346|侯马市|1|329|0
|347|霍州市|1|329|0
|348|吕梁市|1|221|0
|349|市辖区|1|348|0
|350|离石区|1|348|0
|351|文水县|1|348|0
|352|交城县|1|348|0
|353|兴县|1|348|0
|354|临县|1|348|0
|355|柳林县|1|348|0
|356|石楼县|1|348|0
|357|岚县|1|348|0
|358|方山县|1|348|0
|359|中阳县|1|348|0
|360|交口县|1|348|0
|361|孝义市|1|348|0
|362|汾阳市|1|348|0
|363|内蒙古自治区|1|0|0
|364|呼和浩特市|1|363|0
|365|市辖区|1|364|0
|366|新城区|1|364|0
|367|回民区|1|364|0
|368|玉泉区|1|364|0
|369|赛罕区|1|364|0
|370|土默特左旗|1|364|0
|371|托克托县|1|364|0
|372|和林格尔县|1|364|0
|373|清水河县|1|364|0
|374|武川县|1|364|0
|375|包头市|1|363|0
|376|市辖区|1|375|0
|377|东河区|1|375|0
|378|昆都仑区|1|375|0
|379|青山区|1|375|0
|380|石拐区|1|375|0
|381|白云矿区|1|375|0
|382|九原区|1|375|0
|383|土默特右旗|1|375|0
|384|固阳县|1|375|0
|385|达尔罕茂明安联合旗|1|375|0
|386|乌海市|1|363|0
|387|市辖区|1|386|0
|388|海勃湾区|1|386|0
|389|海南区|1|386|0
|390|乌达区|1|386|0
|391|赤峰市|1|363|0
|392|市辖区|1|391|0
|393|红山区|1|391|0
|394|元宝山区|1|391|0
|395|松山区|1|391|0
|396|阿鲁科尔沁旗|1|391|0
|397|巴林左旗|1|391|0
|398|巴林右旗|1|391|0
|399|林西县|1|391|0
|400|克什克腾旗|1|391|0
|401|翁牛特旗|1|391|0
|402|喀喇沁旗|1|391|0
|403|宁城县|1|391|0
|404|敖汉旗|1|391|0
|405|通辽市|1|363|0
|406|市辖区|1|405|0
|407|科尔沁区|1|405|0
|408|科尔沁左翼中旗|1|405|0
|409|科尔沁左翼后旗|1|405|0
|410|开鲁县|1|405|0
|411|库伦旗|1|405|0
|412|奈曼旗|1|405|0
|413|扎鲁特旗|1|405|0
|414|霍林郭勒市|1|405|0
|415|鄂尔多斯市|1|363|0
|416|东胜区|1|415|0
|417|达拉特旗|1|415|0
|418|准格尔旗|1|415|0
|419|鄂托克前旗|1|415|0
|420|鄂托克旗|1|415|0
|421|杭锦旗|1|415|0
|422|乌审旗|1|415|0
|423|伊金霍洛旗|1|415|0
|424|呼伦贝尔市|1|363|0
|425|市辖区|1|424|0
|426|海拉尔区|1|424|0
|427|阿荣旗|1|424|0
|428|莫力达瓦达斡尔族自治旗|1|424|0
|429|鄂伦春自治旗|1|424|0
|430|鄂温克族自治旗|1|424|0
|431|陈巴尔虎旗|1|424|0
|432|新巴尔虎左旗|1|424|0
|433|新巴尔虎右旗|1|424|0
|434|满洲里市|1|424|0
|435|牙克石市|1|424|0
|436|扎兰屯市|1|424|0
|437|额尔古纳市|1|424|0
|438|根河市|1|424|0
|439|巴彦淖尔市|1|363|0
|440|市辖区|1|439|0
|441|临河区|1|439|0
|442|五原县|1|439|0
|443|磴口县|1|439|0
|444|乌拉特前旗|1|439|0
|445|乌拉特中旗|1|439|0
|446|乌拉特后旗|1|439|0
|447|杭锦后旗|1|439|0
|448|乌兰察布市|1|363|0
|449|市辖区|1|448|0
|450|集宁区|1|448|0
|451|卓资县|1|448|0
|452|化德县|1|448|0
|453|商都县|1|448|0
|454|兴和县|1|448|0
|455|凉城县|1|448|0
|456|察哈尔右翼前旗|1|448|0
|457|察哈尔右翼中旗|1|448|0
|458|察哈尔右翼后旗|1|448|0
|459|四子王旗|1|448|0
|460|丰镇市|1|448|0
|461|兴安盟|1|363|0
|462|乌兰浩特市|1|461|0
|463|阿尔山市|1|461|0
|464|科尔沁右翼前旗|1|461|0
|465|科尔沁右翼中旗|1|461|0
|466|扎赉特旗|1|461|0
|467|突泉县|1|461|0
|468|锡林郭勒盟|1|363|0
|469|二连浩特市|1|468|0
|470|锡林浩特市|1|468|0
|471|阿巴嘎旗|1|468|0
|472|苏尼特左旗|1|468|0
|473|苏尼特右旗|1|468|0
|474|东乌珠穆沁旗|1|468|0
|475|西乌珠穆沁旗|1|468|0
|476|太仆寺旗|1|468|0
|477|镶黄旗|1|468|0
|478|正镶白旗|1|468|0
|479|正蓝旗|1|468|0
|480|多伦县|1|468|0
|481|阿拉善盟|1|363|0
|482|阿拉善左旗|1|481|0
|483|阿拉善右旗|1|481|0
|484|额济纳旗|1|481|0
|485|辽宁省|1|0|0
|486|沈阳市|1|485|0
|487|市辖区|1|486|0
|488|和平区|1|486|0
|489|沈河区|1|486|0
|490|大东区|1|486|0
|491|皇姑区|1|486|0
|492|铁西区|1|486|0
|493|苏家屯区|1|486|0
|494|东陵区|1|486|0
|495|新城子区|1|486|0
|496|于洪区|1|486|0
|497|辽中县|1|486|0
|498|康平县|1|486|0
|499|法库县|1|486|0
|500|新民市|1|486|0
|501|大连市|1|485|0
|502|市辖区|1|501|0
|503|中山区|1|501|0
|504|西岗区|1|501|0
|505|沙河口区|1|501|0
|506|甘井子区|1|501|0
|507|旅顺口区|1|501|0
|508|金州区|1|501|0
|509|长海县|1|501|0
|510|瓦房店市|1|501|0
|511|普兰店市|1|501|0
|512|庄河市|1|501|0
|513|鞍山市|1|485|0
|514|市辖区|1|513|0
|515|铁东区|1|513|0
|516|铁西区|1|513|0
|517|立山区|1|513|0
|518|千山区|1|513|0
|519|台安县|1|513|0
|520|岫岩满族自治县|1|513|0
|521|海城市|1|513|0
|522|抚顺市|1|485|0
|523|市辖区|1|522|0
|524|新抚区|1|522|0
|525|东洲区|1|522|0
|526|望花区|1|522|0
|527|顺城区|1|522|0
|528|抚顺县|1|522|0
|529|新宾满族自治县|1|522|0
|530|清原满族自治县|1|522|0
|531|本溪市|1|485|0
|532|市辖区|1|531|0
|533|平山区|1|531|0
|534|溪湖区|1|531|0
|535|明山区|1|531|0
|536|南芬区|1|531|0
|537|本溪满族自治县|1|531|0
|538|桓仁满族自治县|1|531|0
|539|丹东市|1|485|0
|540|市辖区|1|539|0
|541|元宝区|1|539|0
|542|振兴区|1|539|0
|543|振安区|1|539|0
|544|宽甸满族自治县|1|539|0
|545|东港市|1|539|0
|546|凤城市|1|539|0
|547|锦州市|1|485|0
|548|市辖区|1|547|0
|549|古塔区|1|547|0
|550|凌河区|1|547|0
|551|太和区|1|547|0
|552|黑山县|1|547|0
|553|义县|1|547|0
|554|凌海市|1|547|0
|555|北宁市|1|547|0
|556|营口市|1|485|0
|557|市辖区|1|556|0
|558|站前区|1|556|0
|559|西市区|1|556|0
|560|鲅鱼圈区|1|556|0
|561|老边区|1|556|0
|562|盖州市|1|556|0
|563|大石桥市|1|556|0
|564|阜新市|1|485|0
|565|市辖区|1|564|0
|566|海州区|1|564|0
|567|新邱区|1|564|0
|568|太平区|1|564|0
|569|清河门区|1|564|0
|570|细河区|1|564|0
|571|阜新蒙古族自治县|1|564|0
|572|彰武县|1|564|0
|573|辽阳市|1|485|0
|574|市辖区|1|573|0
|575|白塔区|1|573|0
|576|文圣区|1|573|0
|577|宏伟区|1|573|0
|578|弓长岭区|1|573|0
|579|太子河区|1|573|0
|580|辽阳县|1|573|0
|581|灯塔市|1|573|0
|582|盘锦市|1|485|0
|583|市辖区|1|582|0
|584|双台子区|1|582|0
|585|兴隆台区|1|582|0
|586|大洼县|1|582|0
|587|盘山县|1|582|0
|588|铁岭市|1|485|0
|589|市辖区|1|588|0
|590|银州区|1|588|0
|591|清河区|1|588|0
|592|铁岭县|1|588|0
|593|西丰县|1|588|0
|594|昌图县|1|588|0
|595|调兵山市|1|588|0
|596|开原市|1|588|0
|597|朝阳市|1|485|0
|598|市辖区|1|597|0
|599|双塔区|1|597|0
|600|龙城区|1|597|0
|601|朝阳县|1|597|0
|602|建平县|1|597|0
|603|喀喇沁左翼蒙古族自治县|1|597|0
|604|北票市|1|597|0
|605|凌源市|1|597|0
|606|葫芦岛市|1|485|0
|607|市辖区|1|606|0
|608|连山区|1|606|0
|609|龙港区|1|606|0
|610|南票区|1|606|0
|611|绥中县|1|606|0
|612|建昌县|1|606|0
|613|兴城市|1|606|0
|614|吉林省|1|0|0
|615|长春市|1|614|0
|616|市辖区|1|615|0
|617|南关区|1|615|0
|618|宽城区|1|615|0
|619|朝阳区|1|615|0
|620|二道区|1|615|0
|621|绿园区|1|615|0
|622|双阳区|1|615|0
|623|农安县|1|615|0
|624|九台市|1|615|0
|625|榆树市|1|615|0
|626|德惠市|1|615|0
|627|吉林市|1|614|0
|628|市辖区|1|627|0
|629|昌邑区|1|627|0
|630|龙潭区|1|627|0
|631|船营区|1|627|0
|632|丰满区|1|627|0
|633|永吉县|1|627|0
|634|蛟河市|1|627|0
|635|桦甸市|1|627|0
|636|舒兰市|1|627|0
|637|磐石市|1|627|0
|638|四平市|1|614|0
|639|市辖区|1|638|0
|640|铁西区|1|638|0
|641|铁东区|1|638|0
|642|梨树县|1|638|0
|643|伊通满族自治县|1|638|0
|644|公主岭市|1|638|0
|645|双辽市|1|638|0
|646|辽源市|1|614|0
|647|市辖区|1|646|0
|648|龙山区|1|646|0
|649|西安区|1|646|0
|650|东丰县|1|646|0
|651|东辽县|1|646|0
|652|通化市|1|614|0
|653|市辖区|1|652|0
|654|东昌区|1|652|0
|655|二道江区|1|652|0
|656|通化县|1|652|0
|657|辉南县|1|652|0
|658|柳河县|1|652|0
|659|梅河口市|1|652|0
|660|集安市|1|652|0
|661|白山市|1|614|0
|662|市辖区|1|661|0
|663|八道江区|1|661|0
|664|抚松县|1|661|0
|665|靖宇县|1|661|0
|666|长白朝鲜族自治县|1|661|0
|667|江源县|1|661|0
|668|临江市|1|661|0
|669|松原市|1|614|0
|670|市辖区|1|669|0
|671|宁江区|1|669|0
|672|前郭尔罗斯蒙古族自治县|1|669|0
|673|长岭县|1|669|0
|674|乾安县|1|669|0
|675|扶余县|1|669|0
|676|白城市|1|614|0
|677|市辖区|1|676|0
|678|洮北区|1|676|0
|679|镇赉县|1|676|0
|680|通榆县|1|676|0
|681|洮南市|1|676|0
|682|大安市|1|676|0
|683|延边朝鲜族自治州|1|614|0
|684|延吉市|1|683|0
|685|图们市|1|683|0
|686|敦化市|1|683|0
|687|珲春市|1|683|0
|688|龙井市|1|683|0
|689|和龙市|1|683|0
|690|汪清县|1|683|0
|691|安图县|1|683|0
|692|黑龙江省|1|0|0
|693|哈尔滨市|1|692|0
|694|市辖区|1|693|0
|695|道里区|1|693|0
|696|南岗区|1|693|0
|697|道外区|1|693|0
|698|香坊区|1|693|0
|699|动力区|1|693|0
|700|平房区|1|693|0
|701|松北区|1|693|0
|702|呼兰区|1|693|0
|703|依兰县|1|693|0
|704|方正县|1|693|0
|705|宾县|1|693|0
|706|巴彦县|1|693|0
|707|木兰县|1|693|0
|708|通河县|1|693|0
|709|延寿县|1|693|0
|710|阿城市|1|693|0
|711|双城市|1|693|0
|712|尚志市|1|693|0
|713|五常市|1|693|0
|714|齐齐哈尔市|1|692|0
|715|市辖区|1|714|0
|716|龙沙区|1|714|0
|717|建华区|1|714|0
|718|铁锋区|1|714|0
|719|昂昂溪区|1|714|0
|720|富拉尔基区|1|714|0
|721|碾子山区|1|714|0
|722|梅里斯达斡尔族区|1|714|0
|723|龙江县|1|714|0
|724|依安县|1|714|0
|725|泰来县|1|714|0
|726|甘南县|1|714|0
|727|富裕县|1|714|0
|728|克山县|1|714|0
|729|克东县|1|714|0
|730|拜泉县|1|714|0
|731|讷河市|1|714|0
|732|鸡西市|1|692|0
|733|市辖区|1|732|0
|734|鸡冠区|1|732|0
|735|恒山区|1|732|0
|736|滴道区|1|732|0
|737|梨树区|1|732|0
|738|城子河区|1|732|0
|739|麻山区|1|732|0
|740|鸡东县|1|732|0
|741|虎林市|1|732|0
|742|密山市|1|732|0
|743|鹤岗市|1|692|0
|744|市辖区|1|743|0
|745|向阳区|1|743|0
|746|工农区|1|743|0
|747|南山区|1|743|0
|748|兴安区|1|743|0
|749|东山区|1|743|0
|750|兴山区|1|743|0
|751|萝北县|1|743|0
|752|绥滨县|1|743|0
|753|双鸭山市|1|692|0
|754|市辖区|1|753|0
|755|尖山区|1|753|0
|756|岭东区|1|753|0
|757|四方台区|1|753|0
|758|宝山区|1|753|0
|759|集贤县|1|753|0
|760|友谊县|1|753|0
|761|宝清县|1|753|0
|762|饶河县|1|753|0
|763|大庆市|1|692|0
|764|市辖区|1|763|0
|765|萨尔图区|1|763|0
|766|龙凤区|1|763|0
|767|让胡路区|1|763|0
|768|红岗区|1|763|0
|769|大同区|1|763|0
|770|肇州县|1|763|0
|771|肇源县|1|763|0
|772|林甸县|1|763|0
|773|杜尔伯特蒙古族自治县|1|763|0
|774|伊春市|1|692|0
|775|市辖区|1|774|0
|776|伊春区|1|774|0
|777|南岔区|1|774|0
|778|友好区|1|774|0
|779|西林区|1|774|0
|780|翠峦区|1|774|0
|781|新青区|1|774|0
|782|美溪区|1|774|0
|783|金山屯区|1|774|0
|784|五营区|1|774|0
|785|乌马河区|1|774|0
|786|汤旺河区|1|774|0
|787|带岭区|1|774|0
|788|乌伊岭区|1|774|0
|789|红星区|1|774|0
|790|上甘岭区|1|774|0
|791|嘉荫县|1|774|0
|792|铁力市|1|774|0
|793|佳木斯市|1|692|0
|794|市辖区|1|793|0
|795|永红区|1|793|0
|796|向阳区|1|793|0
|797|前进区|1|793|0
|798|东风区|1|793|0
|799|郊区|1|793|0
|800|桦南县|1|793|0
|801|桦川县|1|793|0
|802|汤原县|1|793|0
|803|抚远县|1|793|0
|804|同江市|1|793|0
|805|富锦市|1|793|0
|806|七台河市|1|692|0
|807|市辖区|1|806|0
|808|新兴区|1|806|0
|809|桃山区|1|806|0
|810|茄子河区|1|806|0
|811|勃利县|1|806|0
|812|牡丹江市|1|692|0
|813|市辖区|1|812|0
|814|东安区|1|812|0
|815|阳明区|1|812|0
|816|爱民区|1|812|0
|817|西安区|1|812|0
|818|东宁县|1|812|0
|819|林口县|1|812|0
|820|绥芬河市|1|812|0
|821|海林市|1|812|0
|822|宁安市|1|812|0
|823|穆棱市|1|812|0
|824|黑河市|1|692|0
|825|市辖区|1|824|0
|826|爱辉区|1|824|0
|827|嫩江县|1|824|0
|828|逊克县|1|824|0
|829|孙吴县|1|824|0
|830|北安市|1|824|0
|831|五大连池市|1|824|0
|832|绥化市|1|692|0
|833|市辖区|1|832|0
|834|北林区|1|832|0
|835|望奎县|1|832|0
|836|兰西县|1|832|0
|837|青冈县|1|832|0
|838|庆安县|1|832|0
|839|明水县|1|832|0
|840|绥棱县|1|832|0
|841|安达市|1|832|0
|842|肇东市|1|832|0
|843|海伦市|1|832|0
|844|大兴安岭地区|1|692|0
|845|呼玛县|1|844|0
|846|塔河县|1|844|0
|847|漠河县|1|844|0
|848|上海市|1|0|0
|849|市辖区|1|848|0
|850|黄浦区|1|849|0
|851|卢湾区|1|849|0
|852|徐汇区|1|849|0
|853|长宁区|1|849|0
|854|静安区|1|849|0
|855|普陀区|1|849|0
|856|闸北区|1|849|0
|857|虹口区|1|849|0
|858|杨浦区|1|849|0
|859|闵行区|1|849|0
|860|宝山区|1|849|0
|861|嘉定区|1|849|0
|862|浦东新区|1|849|0
|863|金山区|1|849|0
|864|松江区|1|849|0
|865|青浦区|1|849|0
|866|南汇区|1|849|0
|867|奉贤区|1|849|0
|868|县|1|848|0
|869|崇明县|1|868|0
|870|江苏省|1|0|0
|871|南京市|1|870|0
|872|市辖区|1|871|0
|873|玄武区|1|871|0
|874|白下区|1|871|0
|875|秦淮区|1|871|0
|876|建邺区|1|871|0
|877|鼓楼区|1|871|0
|878|下关区|1|871|0
|879|浦口区|1|871|0
|880|栖霞区|1|871|0
|881|雨花台区|1|871|0
|882|江宁区|1|871|0
|883|六合区|1|871|0
|884|溧水县|1|871|0
|885|高淳县|1|871|0
|886|无锡市|1|870|0
|887|市辖区|1|886|0
|888|崇安区|1|886|0
|889|南长区|1|886|0
|890|北塘区|1|886|0
|891|锡山区|1|886|0
|892|惠山区|1|886|0
|893|滨湖区|1|886|0
|894|江阴市|1|886|0
|895|宜兴市|1|886|0
|896|徐州市|1|870|0
|897|市辖区|1|896|0
|898|鼓楼区|1|896|0
|899|云龙区|1|896|0
|900|九里区|1|896|0
|901|贾汪区|1|896|0
|902|泉山区|1|896|0
|903|丰县|1|896|0
|904|沛县|1|896|0
|905|铜山县|1|896|0
|906|睢宁县|1|896|0
|907|新沂市|1|896|0
|908|邳州市|1|896|0
|909|常州市|1|870|0
|910|市辖区|1|909|0
|911|天宁区|1|909|0
|912|钟楼区|1|909|0
|913|戚墅堰区|1|909|0
|914|新北区|1|909|0
|915|武进区|1|909|0
|916|溧阳市|1|909|0
|917|金坛市|1|909|0
|918|苏州市|1|870|0
|919|市辖区|1|918|0
|920|沧浪区|1|918|0
|921|平江区|1|918|0
|922|金阊区|1|918|0
|923|虎丘区|1|918|0
|924|吴中区|1|918|0
|925|相城区|1|918|0
|926|常熟市|1|918|0
|927|张家港市|1|918|0
|928|昆山市|1|918|0
|929|吴江市|1|918|0
|930|太仓市|1|918|0
|931|南通市|1|870|0
|932|市辖区|1|931|0
|933|崇川区|1|931|0
|934|港闸区|1|931|0
|935|海安县|1|931|0
|936|如东县|1|931|0
|937|启东市|1|931|0
|938|如皋市|1|931|0
|939|通州市|1|931|0
|940|海门市|1|931|0
|941|连云港市|1|870|0
|942|市辖区|1|941|0
|943|连云区|1|941|0
|944|新浦区|1|941|0
|945|海州区|1|941|0
|946|赣榆县|1|941|0
|947|东海县|1|941|0
|948|灌云县|1|941|0
|949|灌南县|1|941|0
|950|淮安市|1|870|0
|951|市辖区|1|950|0
|952|清河区|1|950|0
|953|楚州区|1|950|0
|954|淮阴区|1|950|0
|955|清浦区|1|950|0
|956|涟水县|1|950|0
|957|洪泽县|1|950|0
|958|盱眙县|1|950|0
|959|金湖县|1|950|0
|960|盐城市|1|870|0
|961|市辖区|1|960|0
|962|亭湖区|1|960|0
|963|盐都区|1|960|0
|964|响水县|1|960|0
|965|滨海县|1|960|0
|966|阜宁县|1|960|0
|967|射阳县|1|960|0
|968|建湖县|1|960|0
|969|东台市|1|960|0
|970|大丰市|1|960|0
|971|扬州市|1|870|0
|972|市辖区|1|971|0
|973|广陵区|1|971|0
|974|邗江区|1|971|0
|975|郊区|1|971|0
|976|宝应县|1|971|0
|977|仪征市|1|971|0
|978|高邮市|1|971|0
|979|江都市|1|971|0
|980|镇江市|1|870|0
|981|市辖区|1|980|0
|982|京口区|1|980|0
|983|润州区|1|980|0
|984|丹徒区|1|980|0
|985|丹阳市|1|980|0
|986|扬中市|1|980|0
|987|句容市|1|980|0
|988|泰州市|1|870|0
|989|市辖区|1|988|0
|990|海陵区|1|988|0
|991|高港区|1|988|0
|992|兴化市|1|988|0
|993|靖江市|1|988|0
|994|泰兴市|1|988|0
|995|姜堰市|1|988|0
|996|宿迁市|1|870|0
|997|市辖区|1|996|0
|998|宿城区|1|996|0
|999|宿豫区|1|996|0
|1000|沭阳县|1|996|0
|1001|泗阳县|1|996|0
|1002|泗洪县|1|996|0
|1003|浙江省|1|0|0
|1004|杭州市|1|1003|0
|1005|市辖区|1|1004|0
|1006|上城区|1|1004|0
|1007|下城区|1|1004|0
|1008|江干区|1|1004|0
|1009|拱墅区|1|1004|0
|1010|西湖区|1|1004|0
|1011|滨江区|1|1004|0
|1012|萧山区|1|1004|0
|1013|余杭区|1|1004|0
|1014|桐庐县|1|1004|0
|1015|淳安县|1|1004|0
|1016|建德市|1|1004|0
|1017|富阳市|1|1004|0
|1018|临安市|1|1004|0
|1019|宁波市|1|1003|0
|1020|市辖区|1|1019|0
|1021|海曙区|1|1019|0
|1022|江东区|1|1019|0
|1023|江北区|1|1019|0
|1024|北仑区|1|1019|0
|1025|镇海区|1|1019|0
|1026|鄞州区|1|1019|0
|1027|象山县|1|1019|0
|1028|宁海县|1|1019|0
|1029|余姚市|1|1019|0
|1030|慈溪市|1|1019|0
|1031|奉化市|1|1019|0
|1032|温州市|1|1003|0
|1033|市辖区|1|1032|0
|1034|鹿城区|1|1032|0
|1035|龙湾区|1|1032|0
|1036|瓯海区|1|1032|0
|1037|洞头县|1|1032|0
|1038|永嘉县|1|1032|0
|1039|平阳县|1|1032|0
|1040|苍南县|1|1032|0
|1041|文成县|1|1032|0
|1042|泰顺县|1|1032|0
|1043|瑞安市|1|1032|0
|1044|乐清市|1|1032|0
|1045|嘉兴市|1|1003|0
|1046|市辖区|1|1045|0
|1047|秀城区|1|1045|0
|1048|秀洲区|1|1045|0
|1049|嘉善县|1|1045|0
|1050|海盐县|1|1045|0
|1051|海宁市|1|1045|0
|1052|平湖市|1|1045|0
|1053|桐乡市|1|1045|0
|1054|湖州市|1|1003|0
|1055|市辖区|1|1054|0
|1056|吴兴区|1|1054|0
|1057|南浔区|1|1054|0
|1058|德清县|1|1054|0
|1059|长兴县|1|1054|0
|1060|安吉县|1|1054|0
|1061|绍兴市|1|1003|0
|1062|市辖区|1|1061|0
|1063|越城区|1|1061|0
|1064|绍兴县|1|1061|0
|1065|新昌县|1|1061|0
|1066|诸暨市|1|1061|0
|1067|上虞市|1|1061|0
|1068|嵊州市|1|1061|0
|1069|金华市|1|1003|0
|1070|市辖区|1|1069|0
|1071|婺城区|1|1069|0
|1072|金东区|1|1069|0
|1073|武义县|1|1069|0
|1074|浦江县|1|1069|0
|1075|磐安县|1|1069|0
|1076|兰溪市|1|1069|0
|1077|义乌市|1|1069|0
|1078|东阳市|1|1069|0
|1079|永康市|1|1069|0
|1080|衢州市|1|1003|0
|1081|市辖区|1|1080|0
|1082|柯城区|1|1080|0
|1083|衢江区|1|1080|0
|1084|常山县|1|1080|0
|1085|开化县|1|1080|0
|1086|龙游县|1|1080|0
|1087|江山市|1|1080|0
|1088|舟山市|1|1003|0
|1089|市辖区|1|1088|0
|1090|定海区|1|1088|0
|1091|普陀区|1|1088|0
|1092|岱山县|1|1088|0
|1093|嵊泗县|1|1088|0
|1094|台州市|1|1003|0
|1095|市辖区|1|1094|0
|1096|椒江区|1|1094|0
|1097|黄岩区|1|1094|0
|1098|路桥区|1|1094|0
|1099|玉环县|1|1094|0
|1100|三门县|1|1094|0
|1101|天台县|1|1094|0
|1102|仙居县|1|1094|0
|1103|温岭市|1|1094|0
|1104|临海市|1|1094|0
|1105|丽水市|1|1003|0
|1106|市辖区|1|1105|0
|1107|莲都区|1|1105|0
|1108|青田县|1|1105|0
|1109|缙云县|1|1105|0
|1110|遂昌县|1|1105|0
|1111|松阳县|1|1105|0
|1112|云和县|1|1105|0
|1113|庆元县|1|1105|0
|1114|景宁畲族自治县|1|1105|0
|1115|龙泉市|1|1105|0
|1116|安徽省|1|0|0
|1117|合肥市|1|1116|0
|1118|市辖区|1|1117|0
|1119|瑶海区|1|1117|0
|1120|庐阳区|1|1117|0
|1121|蜀山区|1|1117|0
|1122|包河区|1|1117|0
|1123|长丰县|1|1117|0
|1124|肥东县|1|1117|0
|1125|肥西县|1|1117|0
|1126|芜湖市|1|1116|0
|1127|市辖区|1|1126|0
|1128|镜湖区|1|1126|0
|1129|马塘区|1|1126|0
|1130|新芜区|1|1126|0
|1131|鸠江区|1|1126|0
|1132|芜湖县|1|1126|0
|1133|繁昌县|1|1126|0
|1134|南陵县|1|1126|0
|1135|蚌埠市|1|1116|0
|1136|市辖区|1|1135|0
|1137|龙子湖区|1|1135|0
|1138|蚌山区|1|1135|0
|1139|禹会区|1|1135|0
|1140|淮上区|1|1135|0
|1141|怀远县|1|1135|0
|1142|五河县|1|1135|0
|1143|固镇县|1|1135|0
|1144|淮南市|1|1116|0
|1145|市辖区|1|1144|0
|1146|大通区|1|1144|0
|1147|田家庵区|1|1144|0
|1148|谢家集区|1|1144|0
|1149|八公山区|1|1144|0
|1150|潘集区|1|1144|0
|1151|凤台县|1|1144|0
|1152|马鞍山市|1|1116|0
|1153|市辖区|1|1152|0
|1154|金家庄区|1|1152|0
|1155|花山区|1|1152|0
|1156|雨山区|1|1152|0
|1157|当涂县|1|1152|0
|1158|淮北市|1|1116|0
|1159|市辖区|1|1158|0
|1160|杜集区|1|1158|0
|1161|相山区|1|1158|0
|1162|烈山区|1|1158|0
|1163|濉溪县|1|1158|0
|1164|铜陵市|1|1116|0
|1165|市辖区|1|1164|0
|1166|铜官山区|1|1164|0
|1167|狮子山区|1|1164|0
|1168|郊区|1|1164|0
|1169|铜陵县|1|1164|0
|1170|安庆市|1|1116|0
|1171|市辖区|1|1170|0
|1172|迎江区|1|1170|0
|1173|大观区|1|1170|0
|1174|郊区|1|1170|0
|1175|怀宁县|1|1170|0
|1176|枞阳县|1|1170|0
|1177|潜山县|1|1170|0
|1178|太湖县|1|1170|0
|1179|宿松县|1|1170|0
|1180|望江县|1|1170|0
|1181|岳西县|1|1170|0
|1182|桐城市|1|1170|0
|1183|黄山市|1|1116|0
|1184|市辖区|1|1183|0
|1185|屯溪区|1|1183|0
|1186|黄山区|1|1183|0
|1187|徽州区|1|1183|0
|1188|歙县|1|1183|0
|1189|休宁县|1|1183|0
|1190|黟县|1|1183|0
|1191|祁门县|1|1183|0
|1192|滁州市|1|1116|0
|1193|市辖区|1|1192|0
|1194|琅琊区|1|1192|0
|1195|南谯区|1|1192|0
|1196|来安县|1|1192|0
|1197|全椒县|1|1192|0
|1198|定远县|1|1192|0
|1199|凤阳县|1|1192|0
|1200|天长市|1|1192|0
|1201|明光市|1|1192|0
|1202|阜阳市|1|1116|0
|1203|市辖区|1|1202|0
|1204|颍州区|1|1202|0
|1205|颍东区|1|1202|0
|1206|颍泉区|1|1202|0
|1207|临泉县|1|1202|0
|1208|太和县|1|1202|0
|1209|阜南县|1|1202|0
|1210|颍上县|1|1202|0
|1211|界首市|1|1202|0
|1212|宿州市|1|1116|0
|1213|市辖区|1|1212|0
|1214|墉桥区|1|1212|0
|1215|砀山县|1|1212|0
|1216|萧县|1|1212|0
|1217|灵璧县|1|1212|0
|1218|泗县|1|1212|0
|1219|巢湖市|1|1116|0
|1220|市辖区|1|1219|0
|1221|居巢区|1|1219|0
|1222|庐江县|1|1219|0
|1223|无为县|1|1219|0
|1224|含山县|1|1219|0
|1225|和县|1|1219|0
|1226|六安市|1|1116|0
|1227|市辖区|1|1226|0
|1228|金安区|1|1226|0
|1229|裕安区|1|1226|0
|1230|寿县|1|1226|0
|1231|霍邱县|1|1226|0
|1232|舒城县|1|1226|0
|1233|金寨县|1|1226|0
|1234|霍山县|1|1226|0
|1235|亳州市|1|1116|0
|1236|市辖区|1|1235|0
|1237|谯城区|1|1235|0
|1238|涡阳县|1|1235|0
|1239|蒙城县|1|1235|0
|1240|利辛县|1|1235|0
|1241|池州市|1|1116|0
|1242|市辖区|1|1241|0
|1243|贵池区|1|1241|0
|1244|东至县|1|1241|0
|1245|石台县|1|1241|0
|1246|青阳县|1|1241|0
|1247|宣城市|1|1116|0
|1248|市辖区|1|1247|0
|1249|宣州区|1|1247|0
|1250|郎溪县|1|1247|0
|1251|广德县|1|1247|0
|1252|泾县|1|1247|0
|1253|绩溪县|1|1247|0
|1254|旌德县|1|1247|0
|1255|宁国市|1|1247|0
|1256|福建省|1|0|0
|1257|福州市|1|1256|0
|1258|市辖区|1|1257|0
|1259|鼓楼区|1|1257|0
|1260|台江区|1|1257|0
|1261|仓山区|1|1257|0
|1262|马尾区|1|1257|0
|1263|晋安区|1|1257|0
|1264|闽侯县|1|1257|0
|1265|连江县|1|1257|0
|1266|罗源县|1|1257|0
|1267|闽清县|1|1257|0
|1268|永泰县|1|1257|0
|1269|平潭县|1|1257|0
|1270|福清市|1|1257|0
|1271|长乐市|1|1257|0
|1272|厦门市|1|1256|0
|1273|市辖区|1|1272|0
|1274|思明区|1|1272|0
|1275|海沧区|1|1272|0
|1276|湖里区|1|1272|0
|1277|集美区|1|1272|0
|1278|同安区|1|1272|0
|1279|翔安区|1|1272|0
|1280|莆田市|1|1256|0
|1281|市辖区|1|1280|0
|1282|城厢区|1|1280|0
|1283|涵江区|1|1280|0
|1284|荔城区|1|1280|0
|1285|秀屿区|1|1280|0
|1286|仙游县|1|1280|0
|1287|三明市|1|1256|0
|1288|市辖区|1|1287|0
|1289|梅列区|1|1287|0
|1290|三元区|1|1287|0
|1291|明溪县|1|1287|0
|1292|清流县|1|1287|0
|1293|宁化县|1|1287|0
|1294|大田县|1|1287|0
|1295|尤溪县|1|1287|0
|1296|沙县|1|1287|0
|1297|将乐县|1|1287|0
|1298|泰宁县|1|1287|0
|1299|建宁县|1|1287|0
|1300|永安市|1|1287|0
|1301|泉州市|1|1256|0
|1302|市辖区|1|1301|0
|1303|鲤城区|1|1301|0
|1304|丰泽区|1|1301|0
|1305|洛江区|1|1301|0
|1306|泉港区|1|1301|0
|1307|惠安县|1|1301|0
|1308|安溪县|1|1301|0
|1309|永春县|1|1301|0
|1310|德化县|1|1301|0
|1311|金门县|1|1301|0
|1312|石狮市|1|1301|0
|1313|晋江市|1|1301|0
|1314|南安市|1|1301|0
|1315|漳州市|1|1256|0
|1316|市辖区|1|1315|0
|1317|芗城区|1|1315|0
|1318|龙文区|1|1315|0
|1319|云霄县|1|1315|0
|1320|漳浦县|1|1315|0
|1321|诏安县|1|1315|0
|1322|长泰县|1|1315|0
|1323|东山县|1|1315|0
|1324|南靖县|1|1315|0
|1325|平和县|1|1315|0
|1326|华安县|1|1315|0
|1327|龙海市|1|1315|0
|1328|南平市|1|1256|0
|1329|市辖区|1|1328|0
|1330|延平区|1|1328|0
|1331|顺昌县|1|1328|0
|1332|浦城县|1|1328|0
|1333|光泽县|1|1328|0
|1334|松溪县|1|1328|0
|1335|政和县|1|1328|0
|1336|邵武市|1|1328|0
|1337|武夷山市|1|1328|0
|1338|建瓯市|1|1328|0
|1339|建阳市|1|1328|0
|1340|龙岩市|1|1256|0
|1341|市辖区|1|1340|0
|1342|新罗区|1|1340|0
|1343|长汀县|1|1340|0
|1344|永定县|1|1340|0
|1345|上杭县|1|1340|0
|1346|武平县|1|1340|0
|1347|连城县|1|1340|0
|1348|漳平市|1|1340|0
|1349|宁德市|1|1256|0
|1350|市辖区|1|1349|0
|1351|蕉城区|1|1349|0
|1352|霞浦县|1|1349|0
|1353|古田县|1|1349|0
|1354|屏南县|1|1349|0
|1355|寿宁县|1|1349|0
|1356|周宁县|1|1349|0
|1357|柘荣县|1|1349|0
|1358|福安市|1|1349|0
|1359|福鼎市|1|1349|0
|1360|江西省|1|0|0
|1361|南昌市|1|1360|0
|1362|市辖区|1|1361|0
|1363|东湖区|1|1361|0
|1364|西湖区|1|1361|0
|1365|青云谱区|1|1361|0
|1366|湾里区|1|1361|0
|1367|青山湖区|1|1361|0
|1368|南昌县|1|1361|0
|1369|新建县|1|1361|0
|1370|安义县|1|1361|0
|1371|进贤县|1|1361|0
|1372|景德镇市|1|1360|0
|1373|市辖区|1|1372|0
|1374|昌江区|1|1372|0
|1375|珠山区|1|1372|0
|1376|浮梁县|1|1372|0
|1377|乐平市|1|1372|0
|1378|萍乡市|1|1360|0
|1379|市辖区|1|1378|0
|1380|安源区|1|1378|0
|1381|湘东区|1|1378|0
|1382|莲花县|1|1378|0
|1383|上栗县|1|1378|0
|1384|芦溪县|1|1378|0
|1385|九江市|1|1360|0
|1386|市辖区|1|1385|0
|1387|庐山区|1|1385|0
|1388|浔阳区|1|1385|0
|1389|九江县|1|1385|0
|1390|武宁县|1|1385|0
|1391|修水县|1|1385|0
|1392|永修县|1|1385|0
|1393|德安县|1|1385|0
|1394|星子县|1|1385|0
|1395|都昌县|1|1385|0
|1396|湖口县|1|1385|0
|1397|彭泽县|1|1385|0
|1398|瑞昌市|1|1385|0
|1399|新余市|1|1360|0
|1400|市辖区|1|1399|0
|1401|渝水区|1|1399|0
|1402|分宜县|1|1399|0
|1403|鹰潭市|1|1360|0
|1404|市辖区|1|1403|0
|1405|月湖区|1|1403|0
|1406|余江县|1|1403|0
|1407|贵溪市|1|1403|0
|1408|赣州市|1|1360|0
|1409|市辖区|1|1408|0
|1410|章贡区|1|1408|0
|1411|赣县|1|1408|0
|1412|信丰县|1|1408|0
|1413|大余县|1|1408|0
|1414|上犹县|1|1408|0
|1415|崇义县|1|1408|0
|1416|安远县|1|1408|0
|1417|龙南县|1|1408|0
|1418|定南县|1|1408|0
|1419|全南县|1|1408|0
|1420|宁都县|1|1408|0
|1421|于都县|1|1408|0
|1422|兴国县|1|1408|0
|1423|会昌县|1|1408|0
|1424|寻乌县|1|1408|0
|1425|石城县|1|1408|0
|1426|瑞金市|1|1408|0
|1427|南康市|1|1408|0
|1428|吉安市|1|1360|0
|1429|市辖区|1|1428|0
|1430|吉州区|1|1428|0
|1431|青原区|1|1428|0
|1432|吉安县|1|1428|0
|1433|吉水县|1|1428|0
|1434|峡江县|1|1428|0
|1435|新干县|1|1428|0
|1436|永丰县|1|1428|0
|1437|泰和县|1|1428|0
|1438|遂川县|1|1428|0
|1439|万安县|1|1428|0
|1440|安福县|1|1428|0
|1441|永新县|1|1428|0
|1442|井冈山市|1|1428|0
|1443|宜春市|1|1360|0
|1444|市辖区|1|1443|0
|1445|袁州区|1|1443|0
|1446|奉新县|1|1443|0
|1447|万载县|1|1443|0
|1448|上高县|1|1443|0
|1449|宜丰县|1|1443|0
|1450|靖安县|1|1443|0
|1451|铜鼓县|1|1443|0
|1452|丰城市|1|1443|0
|1453|樟树市|1|1443|0
|1454|高安市|1|1443|0
|1455|抚州市|1|1360|0
|1456|市辖区|1|1455|0
|1457|临川区|1|1455|0
|1458|南城县|1|1455|0
|1459|黎川县|1|1455|0
|1460|南丰县|1|1455|0
|1461|崇仁县|1|1455|0
|1462|乐安县|1|1455|0
|1463|宜黄县|1|1455|0
|1464|金溪县|1|1455|0
|1465|资溪县|1|1455|0
|1466|东乡县|1|1455|0
|1467|广昌县|1|1455|0
|1468|上饶市|1|1360|0
|1469|市辖区|1|1468|0
|1470|信州区|1|1468|0
|1471|上饶县|1|1468|0
|1472|广丰县|1|1468|0
|1473|玉山县|1|1468|0
|1474|铅山县|1|1468|0
|1475|横峰县|1|1468|0
|1476|弋阳县|1|1468|0
|1477|余干县|1|1468|0
|1478|鄱阳县|1|1468|0
|1479|万年县|1|1468|0
|1480|婺源县|1|1468|0
|1481|德兴市|1|1468|0
|1482|山东省|1|0|0
|1483|济南市|1|1482|0
|1484|市辖区|1|1483|0
|1485|历下区|1|1483|0
|1486|市中区|1|1483|0
|1487|槐荫区|1|1483|0
|1488|天桥区|1|1483|0
|1489|历城区|1|1483|0
|1490|长清区|1|1483|0
|1491|平阴县|1|1483|0
|1492|济阳县|1|1483|0
|1493|商河县|1|1483|0
|1494|章丘市|1|1483|0
|1495|青岛市|1|1482|0
|1496|市辖区|1|1495|0
|1497|市南区|1|1495|0
|1498|市北区|1|1495|0
|1499|四方区|1|1495|0
|1500|黄岛区|1|1495|0
|1501|崂山区|1|1495|0
|1502|李沧区|1|1495|0
|1503|城阳区|1|1495|0
|1504|胶州市|1|1495|0
|1505|即墨市|1|1495|0
|1506|平度市|1|1495|0
|1507|胶南市|1|1495|0
|1508|莱西市|1|1495|0
|1509|淄博市|1|1482|0
|1510|市辖区|1|1509|0
|1511|淄川区|1|1509|0
|1512|张店区|1|1509|0
|1513|博山区|1|1509|0
|1514|临淄区|1|1509|0
|1515|周村区|1|1509|0
|1516|桓台县|1|1509|0
|1517|高青县|1|1509|0
|1518|沂源县|1|1509|0
|1519|枣庄市|1|1482|0
|1520|市辖区|1|1519|0
|1521|市中区|1|1519|0
|1522|薛城区|1|1519|0
|1523|峄城区|1|1519|0
|1524|台儿庄区|1|1519|0
|1525|山亭区|1|1519|0
|1526|滕州市|1|1519|0
|1527|东营市|1|1482|0
|1528|市辖区|1|1527|0
|1529|东营区|1|1527|0
|1530|河口区|1|1527|0
|1531|垦利县|1|1527|0
|1532|利津县|1|1527|0
|1533|广饶县|1|1527|0
|1534|烟台市|1|1482|0
|1535|市辖区|1|1534|0
|1536|芝罘区|1|1534|0
|1537|福山区|1|1534|0
|1538|牟平区|1|1534|0
|1539|莱山区|1|1534|0
|1540|长岛县|1|1534|0
|1541|龙口市|1|1534|0
|1542|莱阳市|1|1534|0
|1543|莱州市|1|1534|0
|1544|蓬莱市|1|1534|0
|1545|招远市|1|1534|0
|1546|栖霞市|1|1534|0
|1547|海阳市|1|1534|0
|1548|潍坊市|1|1482|0
|1549|市辖区|1|1548|0
|1550|潍城区|1|1548|0
|1551|寒亭区|1|1548|0
|1552|坊子区|1|1548|0
|1553|奎文区|1|1548|0
|1554|临朐县|1|1548|0
|1555|昌乐县|1|1548|0
|1556|青州市|1|1548|0
|1557|诸城市|1|1548|0
|1558|寿光市|1|1548|0
|1559|安丘市|1|1548|0
|1560|高密市|1|1548|0
|1561|昌邑市|1|1548|0
|1562|济宁市|1|1482|0
|1563|市辖区|1|1562|0
|1564|市中区|1|1562|0
|1565|任城区|1|1562|0
|1566|微山县|1|1562|0
|1567|鱼台县|1|1562|0
|1568|金乡县|1|1562|0
|1569|嘉祥县|1|1562|0
|1570|汶上县|1|1562|0
|1571|泗水县|1|1562|0
|1572|梁山县|1|1562|0
|1573|曲阜市|1|1562|0
|1574|兖州市|1|1562|0
|1575|邹城市|1|1562|0
|1576|泰安市|1|1482|0
|1577|市辖区|1|1576|0
|1578|泰山区|1|1576|0
|1579|岱岳区|1|1576|0
|1580|宁阳县|1|1576|0
|1581|东平县|1|1576|0
|1582|新泰市|1|1576|0
|1583|肥城市|1|1576|0
|1584|威海市|1|1482|0
|1585|市辖区|1|1584|0
|1586|环翠区|1|1584|0
|1587|文登市|1|1584|0
|1588|荣成市|1|1584|0
|1589|乳山市|1|1584|0
|1590|日照市|1|1482|0
|1591|市辖区|1|1590|0
|1592|东港区|1|1590|0
|1593|岚山区|1|1590|0
|1594|五莲县|1|1590|0
|1595|莒县|1|1590|0
|1596|莱芜市|1|1482|0
|1597|市辖区|1|1596|0
|1598|莱城区|1|1596|0
|1599|钢城区|1|1596|0
|1600|临沂市|1|1482|0
|1601|市辖区|1|1600|0
|1602|兰山区|1|1600|0
|1603|罗庄区|1|1600|0
|1604|河东区|1|1600|0
|1605|沂南县|1|1600|0
|1606|郯城县|1|1600|0
|1607|沂水县|1|1600|0
|1608|苍山县|1|1600|0
|1609|费县|1|1600|0
|1610|平邑县|1|1600|0
|1611|莒南县|1|1600|0
|1612|蒙阴县|1|1600|0
|1613|临沭县|1|1600|0
|1614|德州市|1|1482|0
|1615|市辖区|1|1614|0
|1616|德城区|1|1614|0
|1617|陵县|1|1614|0
|1618|宁津县|1|1614|0
|1619|庆云县|1|1614|0
|1620|临邑县|1|1614|0
|1621|齐河县|1|1614|0
|1622|平原县|1|1614|0
|1623|夏津县|1|1614|0
|1624|武城县|1|1614|0
|1625|乐陵市|1|1614|0
|1626|禹城市|1|1614|0
|1627|聊城市|1|1482|0
|1628|市辖区|1|1627|0
|1629|东昌府区|1|1627|0
|1630|阳谷县|1|1627|0
|1631|莘县|1|1627|0
|1632|茌平县|1|1627|0
|1633|东阿县|1|1627|0
|1634|冠县|1|1627|0
|1635|高唐县|1|1627|0
|1636|临清市|1|1627|0
|1637|滨州市|1|1482|0
|1638|市辖区|1|1637|0
|1639|滨城区|1|1637|0
|1640|惠民县|1|1637|0
|1641|阳信县|1|1637|0
|1642|无棣县|1|1637|0
|1643|沾化县|1|1637|0
|1644|博兴县|1|1637|0
|1645|邹平县|1|1637|0
|1646|荷泽市|1|1482|0
|1647|市辖区|1|1646|0
|1648|牡丹区|1|1646|0
|1649|曹县|1|1646|0
|1650|单县|1|1646|0
|1651|成武县|1|1646|0
|1652|巨野县|1|1646|0
|1653|郓城县|1|1646|0
|1654|鄄城县|1|1646|0
|1655|定陶县|1|1646|0
|1656|东明县|1|1646|0
|1657|河南省|1|0|0
|1658|郑州市|1|1657|0
|1659|市辖区|1|1658|0
|1660|中原区|1|1658|0
|1661|二七区|1|1658|0
|1662|管城回族区|1|1658|0
|1663|金水区|1|1658|0
|1664|上街区|1|1658|0
|1665|邙山区|1|1658|0
|1666|中牟县|1|1658|0
|1667|巩义市|1|1658|0
|1668|荥阳市|1|1658|0
|1669|新密市|1|1658|0
|1670|新郑市|1|1658|0
|1671|登封市|1|1658|0
|1672|开封市|1|1657|0
|1673|市辖区|1|1672|0
|1674|龙亭区|1|1672|0
|1675|顺河回族区|1|1672|0
|1676|鼓楼区|1|1672|0
|1677|南关区|1|1672|0
|1678|郊区|1|1672|0
|1679|杞县|1|1672|0
|1680|通许县|1|1672|0
|1681|尉氏县|1|1672|0
|1682|开封县|1|1672|0
|1683|兰考县|1|1672|0
|1684|洛阳市|1|1657|0
|1685|市辖区|1|1684|0
|1686|老城区|1|1684|0
|1687|西工区|1|1684|0
|1688|廛河回族区|1|1684|0
|1689|涧西区|1|1684|0
|1690|吉利区|1|1684|0
|1691|洛龙区|1|1684|0
|1692|孟津县|1|1684|0
|1693|新安县|1|1684|0
|1694|栾川县|1|1684|0
|1695|嵩县|1|1684|0
|1696|汝阳县|1|1684|0
|1697|宜阳县|1|1684|0
|1698|洛宁县|1|1684|0
|1699|伊川县|1|1684|0
|1700|偃师市|1|1684|0
|1701|平顶山市|1|1657|0
|1702|市辖区|1|1701|0
|1703|新华区|1|1701|0
|1704|卫东区|1|1701|0
|1705|石龙区|1|1701|0
|1706|湛河区|1|1701|0
|1707|宝丰县|1|1701|0
|1708|叶县|1|1701|0
|1709|鲁山县|1|1701|0
|1710|郏县|1|1701|0
|1711|舞钢市|1|1701|0
|1712|汝州市|1|1701|0
|1713|安阳市|1|1657|0
|1714|市辖区|1|1713|0
|1715|文峰区|1|1713|0
|1716|北关区|1|1713|0
|1717|殷都区|1|1713|0
|1718|龙安区|1|1713|0
|1719|安阳县|1|1713|0
|1720|汤阴县|1|1713|0
|1721|滑县|1|1713|0
|1722|内黄县|1|1713|0
|1723|林州市|1|1713|0
|1724|鹤壁市|1|1657|0
|1725|市辖区|1|1724|0
|1726|鹤山区|1|1724|0
|1727|山城区|1|1724|0
|1728|淇滨区|1|1724|0
|1729|浚县|1|1724|0
|1730|淇县|1|1724|0
|1731|新乡市|1|1657|0
|1732|市辖区|1|1731|0
|1733|红旗区|1|1731|0
|1734|卫滨区|1|1731|0
|1735|凤泉区|1|1731|0
|1736|牧野区|1|1731|0
|1737|新乡县|1|1731|0
|1738|获嘉县|1|1731|0
|1739|原阳县|1|1731|0
|1740|延津县|1|1731|0
|1741|封丘县|1|1731|0
|1742|长垣县|1|1731|0
|1743|卫辉市|1|1731|0
|1744|辉县市|1|1731|0
|1745|焦作市|1|1657|0
|1746|市辖区|1|1745|0
|1747|解放区|1|1745|0
|1748|中站区|1|1745|0
|1749|马村区|1|1745|0
|1750|山阳区|1|1745|0
|1751|修武县|1|1745|0
|1752|博爱县|1|1745|0
|1753|武陟县|1|1745|0
|1754|温县|1|1745|0
|1755|济源市|1|1745|0
|1756|沁阳市|1|1745|0
|1757|孟州市|1|1745|0
|1758|濮阳市|1|1657|0
|1759|市辖区|1|1758|0
|1760|华龙区|1|1758|0
|1761|清丰县|1|1758|0
|1762|南乐县|1|1758|0
|1763|范县|1|1758|0
|1764|台前县|1|1758|0
|1765|濮阳县|1|1758|0
|1766|许昌市|1|1657|0
|1767|市辖区|1|1766|0
|1768|魏都区|1|1766|0
|1769|许昌县|1|1766|0
|1770|鄢陵县|1|1766|0
|1771|襄城县|1|1766|0
|1772|禹州市|1|1766|0
|1773|长葛市|1|1766|0
|1774|漯河市|1|1657|0
|1775|市辖区|1|1774|0
|1776|源汇区|1|1774|0
|1777|郾城区|1|1774|0
|1778|召陵区|1|1774|0
|1779|舞阳县|1|1774|0
|1780|临颍县|1|1774|0
|1781|三门峡市|1|1657|0
|1782|市辖区|1|1781|0
|1783|湖滨区|1|1781|0
|1784|渑池县|1|1781|0
|1785|陕县|1|1781|0
|1786|卢氏县|1|1781|0
|1787|义马市|1|1781|0
|1788|灵宝市|1|1781|0
|1789|南阳市|1|1657|0
|1790|市辖区|1|1789|0
|1791|宛城区|1|1789|0
|1792|卧龙区|1|1789|0
|1793|南召县|1|1789|0
|1794|方城县|1|1789|0
|1795|西峡县|1|1789|0
|1796|镇平县|1|1789|0
|1797|内乡县|1|1789|0
|1798|淅川县|1|1789|0
|1799|社旗县|1|1789|0
|1800|唐河县|1|1789|0
|1801|新野县|1|1789|0
|1802|桐柏县|1|1789|0
|1803|邓州市|1|1789|0
|1804|商丘市|1|1657|0
|1805|市辖区|1|1804|0
|1806|梁园区|1|1804|0
|1807|睢阳区|1|1804|0
|1808|民权县|1|1804|0
|1809|睢县|1|1804|0
|1810|宁陵县|1|1804|0
|1811|柘城县|1|1804|0
|1812|虞城县|1|1804|0
|1813|夏邑县|1|1804|0
|1814|永城市|1|1804|0
|1815|信阳市|1|1657|0
|1816|市辖区|1|1815|0
|1817|师河区|1|1815|0
|1818|平桥区|1|1815|0
|1819|罗山县|1|1815|0
|1820|光山县|1|1815|0
|1821|新县|1|1815|0
|1822|商城县|1|1815|0
|1823|固始县|1|1815|0
|1824|潢川县|1|1815|0
|1825|淮滨县|1|1815|0
|1826|息县|1|1815|0
|1827|周口市|1|1657|0
|1828|市辖区|1|1827|0
|1829|川汇区|1|1827|0
|1830|扶沟县|1|1827|0
|1831|西华县|1|1827|0
|1832|商水县|1|1827|0
|1833|沈丘县|1|1827|0
|1834|郸城县|1|1827|0
|1835|淮阳县|1|1827|0
|1836|太康县|1|1827|0
|1837|鹿邑县|1|1827|0
|1838|项城市|1|1827|0
|1839|驻马店市|1|1657|0
|1840|市辖区|1|1839|0
|1841|驿城区|1|1839|0
|1842|西平县|1|1839|0
|1843|上蔡县|1|1839|0
|1844|平舆县|1|1839|0
|1845|正阳县|1|1839|0
|1846|确山县|1|1839|0
|1847|泌阳县|1|1839|0
|1848|汝南县|1|1839|0
|1849|遂平县|1|1839|0
|1850|新蔡县|1|1839|0
|1851|湖北省|1|0|0
|1852|武汉市|1|1851|0
|1853|市辖区|1|1852|0
|1854|江岸区|1|1852|0
|1855|江汉区|1|1852|0
|1856|乔口区|1|1852|0
|1857|汉阳区|1|1852|0
|1858|武昌区|1|1852|0
|1859|青山区|1|1852|0
|1860|洪山区|1|1852|0
|1861|东西湖区|1|1852|0
|1862|汉南区|1|1852|0
|1863|蔡甸区|1|1852|0
|1864|江夏区|1|1852|0
|1865|黄陂区|1|1852|0
|1866|新洲区|1|1852|0
|1867|黄石市|1|1851|0
|1868|市辖区|1|1867|0
|1869|黄石港区|1|1867|0
|1870|西塞山区|1|1867|0
|1871|下陆区|1|1867|0
|1872|铁山区|1|1867|0
|1873|阳新县|1|1867|0
|1874|大冶市|1|1867|0
|1875|十堰市|1|1851|0
|1876|市辖区|1|1875|0
|1877|茅箭区|1|1875|0
|1878|张湾区|1|1875|0
|1879|郧县|1|1875|0
|1880|郧西县|1|1875|0
|1881|竹山县|1|1875|0
|1882|竹溪县|1|1875|0
|1883|房县|1|1875|0
|1884|丹江口市|1|1875|0
|1885|宜昌市|1|1851|0
|1886|市辖区|1|1885|0
|1887|西陵区|1|1885|0
|1888|伍家岗区|1|1885|0
|1889|点军区|1|1885|0
|1890|猇亭区|1|1885|0
|1891|夷陵区|1|1885|0
|1892|远安县|1|1885|0
|1893|兴山县|1|1885|0
|1894|秭归县|1|1885|0
|1895|长阳土家族自治县|1|1885|0
|1896|五峰土家族自治县|1|1885|0
|1897|宜都市|1|1885|0
|1898|当阳市|1|1885|0
|1899|枝江市|1|1885|0
|1900|襄樊市|1|1885|0
|1901|鄂州市|1|1851|0
|1902|市辖区|1|1901|0
|1903|梁子湖区|1|1901|0
|1904|华容区|1|1901|0
|1905|鄂城区|1|1901|0
|1906|荆门市|1|1851|0
|1907|市辖区|1|1906|0
|1908|东宝区|1|1906|0
|1909|掇刀区|1|1906|0
|1910|京山县|1|1906|0
|1911|沙洋县|1|1906|0
|1912|钟祥市|1|1906|0
|1913|孝感市|1|1851|0
|1914|市辖区|1|1913|0
|1915|孝南区|1|1913|0
|1916|孝昌县|1|1913|0
|1917|大悟县|1|1913|0
|1918|云梦县|1|1913|0
|1919|应城市|1|1913|0
|1920|安陆市|1|1913|0
|1921|汉川市|1|1913|0
|1922|荆州市|1|1851|0
|1923|市辖区|1|1922|0
|1924|沙市区|1|1922|0
|1925|荆州区|1|1922|0
|1926|公安县|1|1922|0
|1927|监利县|1|1922|0
|1928|江陵县|1|1922|0
|1929|石首市|1|1922|0
|1930|洪湖市|1|1922|0
|1931|松滋市|1|1922|0
|1932|黄冈市|1|1851|0
|1933|市辖区|1|1932|0
|1934|黄州区|1|1932|0
|1935|团风县|1|1932|0
|1936|红安县|1|1932|0
|1937|罗田县|1|1932|0
|1938|英山县|1|1932|0
|1939|浠水县|1|1932|0
|1940|蕲春县|1|1932|0
|1941|黄梅县|1|1932|0
|1942|麻城市|1|1932|0
|1943|武穴市|1|1932|0
|1944|咸宁市|1|1851|0
|1945|市辖区|1|1944|0
|1946|咸安区|1|1944|0
|1947|嘉鱼县|1|1944|0
|1948|通城县|1|1944|0
|1949|崇阳县|1|1944|0
|1950|通山县|1|1944|0
|1951|赤壁市|1|1944|0
|1952|随州市|1|1851|0
|1953|市辖区|1|1952|0
|1954|曾都区|1|1952|0
|1955|广水市|1|1952|0
|1956|恩施土家族苗族自治州|1|1851|0
|1957|恩施市|1|1956|0
|1958|利川市|1|1956|0
|1959|建始县|1|1956|0
|1960|巴东县|1|1956|0
|1961|宣恩县|1|1956|0
|1962|咸丰县|1|1956|0
|1963|来凤县|1|1956|0
|1964|鹤峰县|1|1956|0
|1965|省直辖行政单位|1|1851|0
|1966|仙桃市|1|1965|0
|1967|潜江市|1|1965|0
|1968|天门市|1|1965|0
|1969|神农架林区|1|1965|0
|1970|湖南省|1|0|0
|1971|长沙市|1|1970|0
|1972|市辖区|1|1971|0
|1973|芙蓉区|1|1971|0
|1974|天心区|1|1971|0
|1975|岳麓区|1|1971|0
|1976|开福区|1|1971|0
|1977|雨花区|1|1971|0
|1978|长沙县|1|1971|0
|1979|望城县|1|1971|0
|1980|宁乡县|1|1971|0
|1981|浏阳市|1|1971|0
|1982|株洲市|1|1970|0
|1983|市辖区|1|1982|0
|1984|荷塘区|1|1982|0
|1985|芦淞区|1|1982|0
|1986|石峰区|1|1982|0
|1987|天元区|1|1982|0
|1988|株洲县|1|1982|0
|1989|攸县|1|1982|0
|1990|茶陵县|1|1982|0
|1991|炎陵县|1|1982|0
|1992|醴陵市|1|1982|0
|1993|湘潭市|1|1970|0
|1994|市辖区|1|1993|0
|1995|雨湖区|1|1993|0
|1996|岳塘区|1|1993|0
|1997|湘潭县|1|1993|0
|1998|湘乡市|1|1993|0
|1999|韶山市|1|1993|0
|2000|衡阳市|1|1970|0
|2001|市辖区|1|2000|0
|2002|珠晖区|1|2000|0
|2003|雁峰区|1|2000|0
|2004|石鼓区|1|2000|0
|2005|蒸湘区|1|2000|0
|2006|南岳区|1|2000|0
|2007|衡阳县|1|2000|0
|2008|衡南县|1|2000|0
|2009|衡山县|1|2000|0
|2010|衡东县|1|2000|0
|2011|祁东县|1|2000|0
|2012|耒阳市|1|2000|0
|2013|常宁市|1|2000|0
|2014|邵阳市|1|1970|0
|2015|市辖区|1|2014|0
|2016|双清区|1|2014|0
|2017|大祥区|1|2014|0
|2018|北塔区|1|2014|0
|2019|邵东县|1|2014|0
|2020|新邵县|1|2014|0
|2021|邵阳县|1|2014|0
|2022|隆回县|1|2014|0
|2023|洞口县|1|2014|0
|2024|绥宁县|1|2014|0
|2025|新宁县|1|2014|0
|2026|城步苗族自治县|1|2014|0
|2027|武冈市|1|2014|0
|2028|岳阳市|1|1970|0
|2029|市辖区|1|2028|0
|2030|岳阳楼区|1|2028|0
|2031|云溪区|1|2028|0
|2032|君山区|1|2028|0
|2033|岳阳县|1|2028|0
|2034|华容县|1|2028|0
|2035|湘阴县|1|2028|0
|2036|平江县|1|2028|0
|2037|汨罗市|1|2028|0
|2038|临湘市|1|2028|0
|2039|常德市|1|1970|0
|2040|市辖区|1|2039|0
|2041|武陵区|1|2039|0
|2042|鼎城区|1|2039|0
|2043|安乡县|1|2039|0
|2044|汉寿县|1|2039|0
|2045|澧县|1|2039|0
|2046|临澧县|1|2039|0
|2047|桃源县|1|2039|0
|2048|石门县|1|2039|0
|2049|津市市|1|2039|0
|2050|张家界市|1|1970|0
|2051|市辖区|1|2050|0
|2052|永定区|1|2050|0
|2053|武陵源区|1|2050|0
|2054|慈利县|1|2050|0
|2055|桑植县|1|2050|0
|2056|益阳市|1|1970|0
|2057|市辖区|1|2056|0
|2058|资阳区|1|2056|0
|2059|赫山区|1|2056|0
|2060|南县|1|2056|0
|2061|桃江县|1|2056|0
|2062|安化县|1|2056|0
|2063|沅江市|1|2056|0
|2064|郴州市|1|1970|0
|2065|市辖区|1|2064|0
|2066|北湖区|1|2064|0
|2067|苏仙区|1|2064|0
|2068|桂阳县|1|2064|0
|2069|宜章县|1|2064|0
|2070|永兴县|1|2064|0
|2071|嘉禾县|1|2064|0
|2072|临武县|1|2064|0
|2073|汝城县|1|2064|0
|2074|桂东县|1|2064|0
|2075|安仁县|1|2064|0
|2076|资兴市|1|2064|0
|2077|永州市|1|1970|0
|2078|市辖区|1|2077|0
|2079|芝山区|1|2077|0
|2080|冷水滩区|1|2077|0
|2081|祁阳县|1|2077|0
|2082|东安县|1|2077|0
|2083|双牌县|1|2077|0
|2084|道县|1|2077|0
|2085|江永县|1|2077|0
|2086|宁远县|1|2077|0
|2087|蓝山县|1|2077|0
|2088|新田县|1|2077|0
|2089|江华瑶族自治县|1|2077|0
|2090|怀化市|1|1970|0
|2091|市辖区|1|2090|0
|2092|鹤城区|1|2090|0
|2093|中方县|1|2090|0
|2094|沅陵县|1|2090|0
|2095|辰溪县|1|2090|0
|2096|溆浦县|1|2090|0
|2097|会同县|1|2090|0
|2098|麻阳苗族自治县|1|2090|0
|2099|新晃侗族自治县|1|2090|0
|2100|芷江侗族自治县|1|2090|0
|2101|靖州苗族侗族自治县|1|2090|0
|2102|通道侗族自治县|1|2090|0
|2103|洪江市|1|2090|0
|2104|娄底市|1|1970|0
|2105|市辖区|1|2104|0
|2106|娄星区|1|2104|0
|2107|双峰县|1|2104|0
|2108|新化县|1|2104|0
|2109|冷水江市|1|2104|0
|2110|涟源市|1|2104|0
|2111|湘西土家族苗族自治州|1|1970|0
|2112|吉首市|1|2111|0
|2113|泸溪县|1|2111|0
|2114|凤凰县|1|2111|0
|2115|花垣县|1|2111|0
|2116|保靖县|1|2111|0
|2117|古丈县|1|2111|0
|2118|永顺县|1|2111|0
|2119|龙山县|1|2111|0
|2120|广东省|1|0|0
|2121|广州市|1|2120|0
|2122|市辖区|1|2121|0
|2123|东山区|1|2121|0
|2124|荔湾区|1|2121|0
|2125|越秀区|1|2121|0
|2126|海珠区|1|2121|0
|2127|天河区|1|2121|0
|2128|芳村区|1|2121|0
|2129|白云区|1|2121|0
|2130|黄埔区|1|2121|0
|2131|番禺区|1|2121|0
|2132|花都区|1|2121|0
|2133|增城市|1|2121|0
|2134|从化市|1|2121|0
|2135|韶关市|1|2120|0
|2136|市辖区|1|2135|0
|2137|武江区|1|2135|0
|2138|浈江区|1|2135|0
|2139|曲江区|1|2135|0
|2140|始兴县|1|2135|0
|2141|仁化县|1|2135|0
|2142|翁源县|1|2135|0
|2143|乳源瑶族自治县|1|2135|0
|2144|新丰县|1|2135|0
|2145|乐昌市|1|2135|0
|2146|南雄市|1|2135|0
|2147|深圳市|1|2120|0
|2148|市辖区|1|2147|0
|2149|罗湖区|1|2147|0
|2150|福田区|1|2147|0
|2151|南山区|1|2147|0
|2152|宝安区|1|2147|0
|2153|龙岗区|1|2147|0
|2154|盐田区|1|2147|0
|2155|珠海市|1|2120|0
|2156|市辖区|1|2155|0
|2157|香洲区|1|2155|0
|2158|斗门区|1|2155|0
|2159|金湾区|1|2155|0
|2160|汕头市|1|2120|0
|2161|市辖区|1|2160|0
|2162|龙湖区|1|2160|0
|2163|金平区|1|2160|0
|2164|濠江区|1|2160|0
|2165|潮阳区|1|2160|0
|2166|潮南区|1|2160|0
|2167|澄海区|1|2160|0
|2168|南澳县|1|2160|0
|2169|佛山市|1|2120|0
|2170|市辖区|1|2169|0
|2171|禅城区|1|2169|0
|2172|南海区|1|2169|0
|2173|顺德区|1|2169|0
|2174|三水区|1|2169|0
|2175|高明区|1|2169|0
|2176|江门市|1|2120|0
|2177|市辖区|1|2176|0
|2178|蓬江区|1|2176|0
|2179|江海区|1|2176|0
|2180|新会区|1|2176|0
|2181|台山市|1|2176|0
|2182|开平市|1|2176|0
|2183|鹤山市|1|2176|0
|2184|恩平市|1|2176|0
|2185|湛江市|1|2120|0
|2186|市辖区|1|2185|0
|2187|赤坎区|1|2185|0
|2188|霞山区|1|2185|0
|2189|坡头区|1|2185|0
|2190|麻章区|1|2185|0
|2191|遂溪县|1|2185|0
|2192|徐闻县|1|2185|0
|2193|廉江市|1|2185|0
|2194|雷州市|1|2185|0
|2195|吴川市|1|2185|0
|2196|茂名市|1|2120|0
|2197|市辖区|1|2196|0
|2198|茂南区|1|2196|0
|2199|茂港区|1|2196|0
|2200|电白县|1|2196|0
|2201|高州市|1|2196|0
|2202|化州市|1|2196|0
|2203|信宜市|1|2196|0
|2204|肇庆市|1|2120|0
|2205|市辖区|1|2204|0
|2206|端州区|1|2204|0
|2207|鼎湖区|1|2204|0
|2208|广宁县|1|2204|0
|2209|怀集县|1|2204|0
|2210|封开县|1|2204|0
|2211|德庆县|1|2204|0
|2212|高要市|1|2204|0
|2213|四会市|1|2204|0
|2214|惠州市|1|2120|0
|2215|市辖区|1|2214|0
|2216|惠城区|1|2214|0
|2217|惠阳区|1|2214|0
|2218|博罗县|1|2214|0
|2219|惠东县|1|2214|0
|2220|龙门县|1|2214|0
|2221|梅州市|1|2120|0
|2222|市辖区|1|2221|0
|2223|梅江区|1|2221|0
|2224|梅县|1|2221|0
|2225|大埔县|1|2221|0
|2226|丰顺县|1|2221|0
|2227|五华县|1|2221|0
|2228|平远县|1|2221|0
|2229|蕉岭县|1|2221|0
|2230|兴宁市|1|2221|0
|2231|汕尾市|1|2120|0
|2232|市辖区|1|2231|0
|2233|城区|1|2231|0
|2234|海丰县|1|2231|0
|2235|陆河县|1|2231|0
|2236|陆丰市|1|2231|0
|2237|河源市|1|2120|0
|2238|市辖区|1|2237|0
|2239|源城区|1|2237|0
|2240|紫金县|1|2237|0
|2241|龙川县|1|2237|0
|2242|连平县|1|2237|0
|2243|和平县|1|2237|0
|2244|东源县|1|2237|0
|2245|阳江市|1|2120|0
|2246|市辖区|1|2245|0
|2247|江城区|1|2245|0
|2248|阳西县|1|2245|0
|2249|阳东县|1|2245|0
|2250|阳春市|1|2245|0
|2251|清远市|1|2120|0
|2252|市辖区|1|2251|0
|2253|清城区|1|2251|0
|2254|佛冈县|1|2251|0
|2255|阳山县|1|2251|0
|2256|连山壮族瑶族自治县|1|2251|0
|2257|连南瑶族自治县|1|2251|0
|2258|清新县|1|2251|0
|2259|英德市|1|2251|0
|2260|连州市|1|2251|0
|2261|中山市:|1|0|0
|2262|潮州市|1|2261|0
|2263|市辖区|1|2262|0
|2264|湘桥区|1|2262|0
|2265|潮安县|1|2262|0
|2266|饶平县|1|2262|0
|2267|揭阳市|1|2261|0
|2268|市辖区|1|2267|0
|2269|榕城区|1|2267|0
|2270|揭东县|1|2267|0
|2271|揭西县|1|2267|0
|2272|惠来县|1|2267|0
|2273|普宁市|1|2267|0
|2274|云浮市|1|2261|0
|2275|市辖区|1|2274|0
|2276|云城区|1|2274|0
|2277|新兴县|1|2274|0
|2278|郁南县|1|2274|0
|2279|云安县|1|2274|0
|2280|罗定市|1|2274|0
|2281|广西壮族自治区|1|0|0
|2282|南宁市|1|2281|0
|2283|市辖区|1|2282|0
|2284|兴宁区|1|2282|0
|2285|青秀区|1|2282|0
|2286|江南区|1|2282|0
|2287|西乡塘区|1|2282|0
|2288|良庆区|1|2282|0
|2289|邕宁区|1|2282|0
|2290|武鸣县|1|2282|0
|2291|隆安县|1|2282|0
|2292|马山县|1|2282|0
|2293|上林县|1|2282|0
|2294|宾阳县|1|2282|0
|2295|横县|1|2282|0
|2296|柳州市|1|2281|0
|2297|市辖区|1|2296|0
|2298|城中区|1|2296|0
|2299|鱼峰区|1|2296|0
|2300|柳南区|1|2296|0
|2301|柳北区|1|2296|0
|2302|柳江县|1|2296|0
|2303|柳城县|1|2296|0
|2304|鹿寨县|1|2296|0
|2305|融安县|1|2296|0
|2306|融水苗族自治县|1|2296|0
|2307|三江侗族自治县|1|2296|0
|2308|桂林市|1|2281|0
|2309|市辖区|1|2308|0
|2310|秀峰区|1|2308|0
|2311|叠彩区|1|2308|0
|2312|象山区|1|2308|0
|2313|七星区|1|2308|0
|2314|雁山区|1|2308|0
|2315|阳朔县|1|2308|0
|2316|临桂县|1|2308|0
|2317|灵川县|1|2308|0
|2318|全州县|1|2308|0
|2319|兴安县|1|2308|0
|2320|永福县|1|2308|0
|2321|灌阳县|1|2308|0
|2322|龙胜各族自治县|1|2308|0
|2323|资源县|1|2308|0
|2324|平乐县|1|2308|0
|2325|荔蒲县|1|2308|0
|2326|恭城瑶族自治县|1|2308|0
|2327|梧州市|1|2281|0
|2328|市辖区|1|2327|0
|2329|万秀区|1|2327|0
|2330|蝶山区|1|2327|0
|2331|长洲区|1|2327|0
|2332|苍梧县|1|2327|0
|2333|藤县|1|2327|0
|2334|蒙山县|1|2327|0
|2335|岑溪市|1|2327|0
|2336|北海市|1|2281|0
|2337|市辖区|1|2336|0
|2338|海城区|1|2336|0
|2339|银海区|1|2336|0
|2340|铁山港区|1|2336|0
|2341|合浦县|1|2336|0
|2342|防城港市|1|2281|0
|2343|市辖区|1|2342|0
|2344|港口区|1|2342|0
|2345|防城区|1|2342|0
|2346|上思县|1|2342|0
|2347|东兴市|1|2342|0
|2348|钦州市|1|2281|0
|2349|市辖区|1|2348|0
|2350|钦南区|1|2348|0
|2351|钦北区|1|2348|0
|2352|灵山县|1|2348|0
|2353|浦北县|1|2348|0
|2354|贵港市|1|2281|0
|2355|市辖区|1|2354|0
|2356|港北区|1|2354|0
|2357|港南区|1|2354|0
|2358|覃塘区|1|2354|0
|2359|平南县|1|2354|0
|2360|桂平市|1|2354|0
|2361|玉林市|1|2281|0
|2362|市辖区|1|2361|0
|2363|玉州区|1|2361|0
|2364|容县|1|2361|0
|2365|陆川县|1|2361|0
|2366|博白县|1|2361|0
|2367|兴业县|1|2361|0
|2368|北流市|1|2361|0
|2369|百色市|1|2281|0
|2370|市辖区|1|2369|0
|2371|右江区|1|2369|0
|2372|田阳县|1|2369|0
|2373|田东县|1|2369|0
|2374|平果县|1|2369|0
|2375|德保县|1|2369|0
|2376|靖西县|1|2369|0
|2377|那坡县|1|2369|0
|2378|凌云县|1|2369|0
|2379|乐业县|1|2369|0
|2380|田林县|1|2369|0
|2381|西林县|1|2369|0
|2382|隆林各族自治县|1|2369|0
|2383|贺州市|1|2281|0
|2384|市辖区|1|2383|0
|2385|八步区|1|2383|0
|2386|昭平县|1|2383|0
|2387|钟山县|1|2383|0
|2388|富川瑶族自治县|1|2383|0
|2389|河池市|1|2281|0
|2390|市辖区|1|2389|0
|2391|金城江区|1|2389|0
|2392|南丹县|1|2389|0
|2393|天峨县|1|2389|0
|2394|凤山县|1|2389|0
|2395|东兰县|1|2389|0
|2396|罗城仫佬族自治县|1|2389|0
|2397|环江毛南族自治县|1|2389|0
|2398|巴马瑶族自治县|1|2389|0
|2399|都安瑶族自治县|1|2389|0
|2400|大化瑶族自治县|1|2389|0
|2401|宜州市|1|2389|0
|2402|来宾市|1|2281|0
|2403|市辖区|1|2402|0
|2404|兴宾区|1|2402|0
|2405|忻城县|1|2402|0
|2406|象州县|1|2402|0
|2407|武宣县|1|2402|0
|2408|金秀瑶族自治县|1|2402|0
|2409|合山市|1|2402|0
|2410|崇左市|1|2281|0
|2411|市辖区|1|2410|0
|2412|江洲区|1|2410|0
|2413|扶绥县|1|2410|0
|2414|宁明县|1|2410|0
|2415|龙州县|1|2410|0
|2416|大新县|1|2410|0
|2417|天等县|1|2410|0
|2418|凭祥市|1|2410|0
|2419|海南省|1|0|0
|2420|海口市|1|2419|0
|2421|市辖区|1|2420|0
|2422|秀英区|1|2420|0
|2423|龙华区|1|2420|0
|2424|琼山区|1|2420|0
|2425|美兰区|1|2420|0
|2426|三亚市|1|2419|0
|2427|市辖区|1|2426|0
|2428|省直辖县级行政单位|1|2419|0
|2429|五指山市|1|2428|0
|2430|琼海市|1|2428|0
|2431|儋州市|1|2428|0
|2432|文昌市|1|2428|0
|2433|万宁市|1|2428|0
|2434|东方市|1|2428|0
|2435|定安县|1|2428|0
|2436|屯昌县|1|2428|0
|2437|澄迈县|1|2428|0
|2438|临高县|1|2428|0
|2439|白沙黎族自治县|1|2428|0
|2440|昌江黎族自治县|1|2428|0
|2441|乐东黎族自治县|1|2428|0
|2442|陵水黎族自治县|1|2428|0
|2443|保亭黎族苗族自治县|1|2428|0
|2444|琼中黎族苗族自治县|1|2428|0
|2445|西沙群岛|1|2428|0
|2446|南沙群岛|1|2428|0
|2447|中沙群岛的岛礁及其海域|1|2428|0
|2448|重庆市|1|0|0
|2449|市辖区|1|2448|0
|2450|万州区|1|2449|0
|2451|涪陵区|1|2449|0
|2452|渝中区|1|2449|0
|2453|大渡口区|1|2449|0
|2454|江北区|1|2449|0
|2455|沙坪坝区|1|2449|0
|2456|九龙坡区|1|2449|0
|2457|南岸区|1|2449|0
|2458|北碚区|1|2449|0
|2459|万盛区|1|2449|0
|2460|双桥区|1|2449|0
|2461|渝北区|1|2449|0
|2462|巴南区|1|2449|0
|2463|黔江区|1|2449|0
|2464|长寿区|1|2449|0
|2465|县|1|2448|0
|2466|綦江县|1|2465|0
|2467|潼南县|1|2465|0
|2468|铜梁县|1|2465|0
|2469|大足县|1|2465|0
|2470|荣昌县|1|2465|0
|2471|璧山县|1|2465|0
|2472|梁平县|1|2465|0
|2473|城口县|1|2465|0
|2474|丰都县|1|2465|0
|2475|垫江县|1|2465|0
|2476|武隆县|1|2465|0
|2477|忠县|1|2465|0
|2478|开县|1|2465|0
|2479|云阳县|1|2465|0
|2480|奉节县|1|2465|0
|2481|巫山县|1|2465|0
|2482|巫溪县|1|2465|0
|2483|石柱土家族自治县|1|2465|0
|2484|秀山土家族苗族自治县|1|2465|0
|2485|酉阳土家族苗族自治县|1|2465|0
|2486|彭水苗族土家族自治县|1|2465|0
|2487|市|1|2448|0
|2488|江津市|1|2487|0
|2489|合川市|1|2487|0
|2490|永川市|1|2487|0
|2491|南川市|1|2487|0
|2492|四川省|1|0|0
|2493|成都市|1|2492|0
|2494|市辖区|1|2493|0
|2495|锦江区|1|2493|0
|2496|青羊区|1|2493|0
|2497|金牛区|1|2493|0
|2498|武侯区|1|2493|0
|2499|成华区|1|2493|0
|2500|龙泉驿区|1|2493|0
|2501|青白江区|1|2493|0
|2502|新都区|1|2493|0
|2503|温江区|1|2493|0
|2504|金堂县|1|2493|0
|2505|双流县|1|2493|0
|2506|郫县|1|2493|0
|2507|大邑县|1|2493|0
|2508|蒲江县|1|2493|0
|2509|新津县|1|2493|0
|2510|都江堰市|1|2493|0
|2511|彭州市|1|2493|0
|2512|邛崃市|1|2493|0
|2513|崇州市|1|2493|0
|2514|自贡市|1|2492|0
|2515|市辖区|1|2514|0
|2516|自流井区|1|2514|0
|2517|贡井区|1|2514|0
|2518|大安区|1|2514|0
|2519|沿滩区|1|2514|0
|2520|荣县|1|2514|0
|2521|富顺县|1|2514|0
|2522|攀枝花市|1|2492|0
|2523|市辖区|1|2522|0
|2524|东区|1|2522|0
|2525|西区|1|2522|0
|2526|仁和区|1|2522|0
|2527|米易县|1|2522|0
|2528|盐边县|1|2522|0
|2529|泸州市|1|2492|0
|2530|市辖区|1|2529|0
|2531|江阳区|1|2529|0
|2532|纳溪区|1|2529|0
|2533|龙马潭区|1|2529|0
|2534|泸县|1|2529|0
|2535|合江县|1|2529|0
|2536|叙永县|1|2529|0
|2537|古蔺县|1|2529|0
|2538|德阳市|1|2492|0
|2539|市辖区|1|2538|0
|2540|旌阳区|1|2538|0
|2541|中江县|1|2538|0
|2542|罗江县|1|2538|0
|2543|广汉市|1|2538|0
|2544|什邡市|1|2538|0
|2545|绵竹市|1|2538|0
|2546|绵阳市|1|2492|0
|2547|市辖区|1|2546|0
|2548|涪城区|1|2546|0
|2549|游仙区|1|2546|0
|2550|三台县|1|2546|0
|2551|盐亭县|1|2546|0
|2552|安县|1|2546|0
|2553|梓潼县|1|2546|0
|2554|北川羌族自治县|1|2546|0
|2555|平武县|1|2546|0
|2556|江油市|1|2546|0
|2557|广元市|1|2492|0
|2558|市辖区|1|2557|0
|2559|市中区|1|2557|0
|2560|元坝区|1|2557|0
|2561|朝天区|1|2557|0
|2562|旺苍县|1|2557|0
|2563|青川县|1|2557|0
|2564|剑阁县|1|2557|0
|2565|苍溪县|1|2557|0
|2566|遂宁市|1|2492|0
|2567|市辖区|1|2566|0
|2568|船山区|1|2566|0
|2569|安居区|1|2566|0
|2570|蓬溪县|1|2566|0
|2571|射洪县|1|2566|0
|2572|大英县|1|2566|0
|2573|内江市|1|2492|0
|2574|市辖区|1|2573|0
|2575|市中区|1|2573|0
|2576|东兴区|1|2573|0
|2577|威远县|1|2573|0
|2578|资中县|1|2573|0
|2579|隆昌县|1|2573|0
|2580|乐山市|1|2492|0
|2581|市辖区|1|2580|0
|2582|市中区|1|2580|0
|2583|沙湾区|1|2580|0
|2584|五通桥区|1|2580|0
|2585|金口河区|1|2580|0
|2586|犍为县|1|2580|0
|2587|井研县|1|2580|0
|2588|夹江县|1|2580|0
|2589|沐川县|1|2580|0
|2590|峨边彝族自治县|1|2580|0
|2591|马边彝族自治县|1|2580|0
|2592|峨眉山市|1|2580|0
|2593|南充市|1|2492|0
|2594|市辖区|1|2593|0
|2595|顺庆区|1|2593|0
|2596|高坪区|1|2593|0
|2597|嘉陵区|1|2593|0
|2598|南部县|1|2593|0
|2599|营山县|1|2593|0
|2600|蓬安县|1|2593|0
|2601|仪陇县|1|2593|0
|2602|西充县|1|2593|0
|2603|阆中市|1|2593|0
|2604|眉山市|1|2492|0
|2605|市辖区|1|2604|0
|2606|东坡区|1|2604|0
|2607|仁寿县|1|2604|0
|2608|彭山县|1|2604|0
|2609|洪雅县|1|2604|0
|2610|丹棱县|1|2604|0
|2611|青神县|1|2604|0
|2612|宜宾市|1|2492|0
|2613|市辖区|1|2612|0
|2614|翠屏区|1|2612|0
|2615|宜宾县|1|2612|0
|2616|南溪县|1|2612|0
|2617|江安县|1|2612|0
|2618|长宁县|1|2612|0
|2619|高县|1|2612|0
|2620|珙县|1|2612|0
|2621|筠连县|1|2612|0
|2622|兴文县|1|2612|0
|2623|屏山县|1|2612|0
|2624|广安市|1|2492|0
|2625|市辖区|1|2624|0
|2626|广安区|1|2624|0
|2627|岳池县|1|2624|0
|2628|武胜县|1|2624|0
|2629|邻水县|1|2624|0
|2630|华莹市|1|2624|0
|2631|达州市|1|2492|0
|2632|市辖区|1|2631|0
|2633|通川区|1|2631|0
|2634|达县|1|2631|0
|2635|宣汉县|1|2631|0
|2636|开江县|1|2631|0
|2637|大竹县|1|2631|0
|2638|渠县|1|2631|0
|2639|万源市|1|2631|0
|2640|雅安市|1|2492|0
|2641|市辖区|1|2640|0
|2642|雨城区|1|2640|0
|2643|名山县|1|2640|0
|2644|荥经县|1|2640|0
|2645|汉源县|1|2640|0
|2646|石棉县|1|2640|0
|2647|天全县|1|2640|0
|2648|芦山县|1|2640|0
|2649|宝兴县|1|2640|0
|2650|巴中市|1|2492|0
|2651|市辖区|1|2650|0
|2652|巴州区|1|2650|0
|2653|通江县|1|2650|0
|2654|南江县|1|2650|0
|2655|平昌县|1|2650|0
|2656|资阳市|1|2492|0
|2657|市辖区|1|2656|0
|2658|雁江区|1|2656|0
|2659|安岳县|1|2656|0
|2660|乐至县|1|2656|0
|2661|简阳市|1|2656|0
|2662|阿坝藏族羌族自治州|1|2492|0
|2663|汶川县|1|2662|0
|2664|理县|1|2662|0
|2665|茂县|1|2662|0
|2666|松潘县|1|2662|0
|2667|九寨沟县|1|2662|0
|2668|金川县|1|2662|0
|2669|小金县|1|2662|0
|2670|黑水县|1|2662|0
|2671|马尔康县|1|2662|0
|2672|壤塘县|1|2662|0
|2673|阿坝县|1|2662|0
|2674|若尔盖县|1|2662|0
|2675|红原县|1|2662|0
|2676|甘孜藏族自治州|1|2492|0
|2677|康定县|1|2676|0
|2678|泸定县|1|2676|0
|2679|丹巴县|1|2676|0
|2680|九龙县|1|2676|0
|2681|雅江县|1|2676|0
|2682|道孚县|1|2676|0
|2683|炉霍县|1|2676|0
|2684|甘孜县|1|2676|0
|2685|新龙县|1|2676|0
|2686|德格县|1|2676|0
|2687|白玉县|1|2676|0
|2688|石渠县|1|2676|0
|2689|色达县|1|2676|0
|2690|理塘县|1|2676|0
|2691|巴塘县|1|2676|0
|2692|乡城县|1|2676|0
|2693|稻城县|1|2676|0
|2694|得荣县|1|2676|0
|2695|凉山彝族自治州|1|2492|0
|2696|西昌市|1|2695|0
|2697|木里藏族自治县|1|2695|0
|2698|盐源县|1|2695|0
|2699|德昌县|1|2695|0
|2700|会理县|1|2695|0
|2701|会东县|1|2695|0
|2702|宁南县|1|2695|0
|2703|普格县|1|2695|0
|2704|布拖县|1|2695|0
|2705|金阳县|1|2695|0
|2706|昭觉县|1|2695|0
|2707|喜德县|1|2695|0
|2708|冕宁县|1|2695|0
|2709|越西县|1|2695|0
|2710|甘洛县|1|2695|0
|2711|美姑县|1|2695|0
|2712|雷波县|1|2695|0
|2713|贵州省|1|0|0
|2714|贵阳市|1|2713|0
|2715|市辖区|1|2714|0
|2716|南明区|1|2714|0
|2717|云岩区|1|2714|0
|2718|花溪区|1|2714|0
|2719|乌当区|1|2714|0
|2720|白云区|1|2714|0
|2721|小河区|1|2714|0
|2722|开阳县|1|2714|0
|2723|息烽县|1|2714|0
|2724|修文县|1|2714|0
|2725|清镇市|1|2714|0
|2726|六盘水市|1|2713|0
|2727|钟山区|1|2726|0
|2728|六枝特区|1|2726|0
|2729|水城县|1|2726|0
|2730|盘县|1|2726|0
|2731|遵义市|1|2713|0
|2732|市辖区|1|2731|0
|2733|红花岗区|1|2731|0
|2734|汇川区|1|2731|0
|2735|遵义县|1|2731|0
|2736|桐梓县|1|2731|0
|2737|绥阳县|1|2731|0
|2738|正安县|1|2731|0
|2739|道真仡佬族苗族自治县|1|2731|0
|2740|务川仡佬族苗族自治县|1|2731|0
|2741|凤冈县|1|2731|0
|2742|湄潭县|1|2731|0
|2743|余庆县|1|2731|0
|2744|习水县|1|2731|0
|2745|赤水市|1|2731|0
|2746|仁怀市|1|2731|0
|2747|安顺市|1|2713|0
|2748|市辖区|1|2747|0
|2749|西秀区|1|2747|0
|2750|平坝县|1|2747|0
|2751|普定县|1|2747|0
|2752|镇宁布依族苗族自治县|1|2747|0
|2753|关岭布依族苗族自治县|1|2747|0
|2754|紫云苗族布依族自治县|1|2747|0
|2755|铜仁地区|1|2713|0
|2756|铜仁市|1|2755|0
|2757|江口县|1|2755|0
|2758|玉屏侗族自治县|1|2755|0
|2759|石阡县|1|2755|0
|2760|思南县|1|2755|0
|2761|印江土家族苗族自治县|1|2755|0
|2762|德江县|1|2755|0
|2763|沿河土家族自治县|1|2755|0
|2764|松桃苗族自治县|1|2755|0
|2765|万山特区|1|2755|0
|2766|黔西南布依族苗族自治州|1|2713|0
|2767|兴义市|1|2766|0
|2768|兴仁县|1|2766|0
|2769|普安县|1|2766|0
|2770|晴隆县|1|2766|0
|2771|贞丰县|1|2766|0
|2772|望谟县|1|2766|0
|2773|册亨县|1|2766|0
|2774|安龙县|1|2766|0
|2775|毕节地区|1|2713|0
|2776|毕节市|1|2775|0
|2777|大方县|1|2775|0
|2778|黔西县|1|2775|0
|2779|金沙县|1|2775|0
|2780|织金县|1|2775|0
|2781|纳雍县|1|2775|0
|2782|威宁彝族回族苗族自治县|1|2775|0
|2783|赫章县|1|2775|0
|2784|黔东南苗族侗族自治州|1|2713|0
|2785|凯里市|1|2784|0
|2786|黄平县|1|2784|0
|2787|施秉县|1|2784|0
|2788|三穗县|1|2784|0
|2789|镇远县|1|2784|0
|2790|岑巩县|1|2784|0
|2791|天柱县|1|2784|0
|2792|锦屏县|1|2784|0
|2793|剑河县|1|2784|0
|2794|台江县|1|2784|0
|2795|黎平县|1|2784|0
|2796|榕江县|1|2784|0
|2797|从江县|1|2784|0
|2798|雷山县|1|2784|0
|2799|麻江县|1|2784|0
|2800|丹寨县 |1|0|0
|2801|黔南布依族苗族自治州|1|2800|0
|2802|都匀市|1|2801|0
|2803|福泉市|1|2801|0
|2804|荔波县|1|2801|0
|2805|贵定县|1|2801|0
|2806|瓮安县|1|2801|0
|2807|独山县|1|2801|0
|2808|平塘县|1|2801|0
|2809|罗甸县|1|2801|0
|2810|长顺县|1|2801|0
|2811|龙里县|1|2801|0
|2812|惠水县|1|2801|0
|2813|三都水族自治县|1|2801|0
|2814|云南省|1|0|0
|2815|昆明市|1|2814|0
|2816|市辖区|1|2815|0
|2817|五华区|1|2815|0
|2818|盘龙区|1|2815|0
|2819|官渡区|1|2815|0
|2820|西山区|1|2815|0
|2821|东川区|1|2815|0
|2822|呈贡县|1|2815|0
|2823|晋宁县|1|2815|0
|2824|富民县|1|2815|0
|2825|宜良县|1|2815|0
|2826|石林彝族自治县|1|2815|0
|2827|嵩明县|1|2815|0
|2828|禄劝彝族苗族自治县|1|2815|0
|2829|寻甸回族彝族自治县|1|2815|0
|2830|安宁市|1|2815|0
|2831|曲靖市|1|2814|0
|2832|市辖区|1|2831|0
|2833|麒麟区|1|2831|0
|2834|马龙县|1|2831|0
|2835|陆良县|1|2831|0
|2836|师宗县|1|2831|0
|2837|罗平县|1|2831|0
|2838|富源县|1|2831|0
|2839|会泽县|1|2831|0
|2840|沾益县|1|2831|0
|2841|宣威市|1|2831|0
|2842|玉溪市|1|2814|0
|2843|市辖区|1|2842|0
|2844|红塔区|1|2842|0
|2845|江川县|1|2842|0
|2846|澄江县|1|2842|0
|2847|通海县|1|2842|0
|2848|华宁县|1|2842|0
|2849|易门县|1|2842|0
|2850|峨山彝族自治县|1|2842|0
|2851|新平彝族傣族自治县|1|2842|0
|2852|元江哈尼族彝族傣族自治县|1|2842|0
|2853|保山市|1|2814|0
|2854|市辖区|1|2853|0
|2855|隆阳区|1|2853|0
|2856|施甸县|1|2853|0
|2857|腾冲县|1|2853|0
|2858|龙陵县|1|2853|0
|2859|昌宁县|1|2853|0
|2860|昭通市|1|2814|0
|2861|市辖区|1|2860|0
|2862|昭阳区|1|2860|0
|2863|鲁甸县|1|2860|0
|2864|巧家县|1|2860|0
|2865|盐津县|1|2860|0
|2866|大关县|1|2860|0
|2867|永善县|1|2860|0
|2868|绥江县|1|2860|0
|2869|镇雄县|1|2860|0
|2870|彝良县|1|2860|0
|2871|威信县|1|2860|0
|2872|水富县|1|2860|0
|2873|丽江市|1|2814|0
|2874|市辖区|1|2873|0
|2875|古城区|1|2873|0
|2876|玉龙纳西族自治县|1|2873|0
|2877|永胜县|1|2873|0
|2878|华坪县|1|2873|0
|2879|宁蒗彝族自治县|1|2873|0
|2880|思茅市|1|2814|0
|2881|市辖区|1|2880|0
|2882|翠云区|1|2880|0
|2883|普洱哈尼族彝族自治县|1|2880|0
|2884|墨江哈尼族自治县|1|2880|0
|2885|景东彝族自治县|1|2880|0
|2886|景谷傣族彝族自治县|1|2880|0
|2887|镇沅彝族哈尼族拉祜族自治县|1|2880|0
|2888|江城哈尼族彝族自治县|1|2880|0
|2889|孟连傣族拉祜族佤族自治县|1|2880|0
|2890|澜沧拉祜族自治县|1|2880|0
|2891|西盟佤族自治县|1|2880|0
|2892|临沧市|1|2814|0
|2893|市辖区|1|2892|0
|2894|临翔区|1|2892|0
|2895|凤庆县|1|2892|0
|2896|云县|1|2892|0
|2897|永德县|1|2892|0
|2898|镇康县|1|2892|0
|2899|双江拉祜族佤族布朗族傣族自治县|1|2892|0
|2900|耿马傣族佤族自治县|1|2892|0
|2901|沧源佤族自治县|1|2892|0
|2902|楚雄彝族自治州|1|2814|0
|2903|楚雄市|1|2902|0
|2904|双柏县|1|2902|0
|2905|牟定县|1|2902|0
|2906|南华县|1|2902|0
|2907|姚安县|1|2902|0
|2908|大姚县|1|2902|0
|2909|永仁县|1|2902|0
|2910|元谋县|1|2902|0
|2911|武定县|1|2902|0
|2912|禄丰县|1|2902|0
|2913|红河哈尼族彝族自治州|1|2814|0
|2914|个旧市|1|2913|0
|2915|开远市|1|2913|0
|2916|蒙自县|1|2913|0
|2917|屏边苗族自治县|1|2913|0
|2918|建水县|1|2913|0
|2919|石屏县|1|2913|0
|2920|弥勒县|1|2913|0
|2921|泸西县|1|2913|0
|2922|元阳县|1|2913|0
|2923|红河县|1|2913|0
|2924|金平苗族瑶族傣族自治县|1|2913|0
|2925|绿春县|1|2913|0
|2926|河口瑶族自治县|1|2913|0
|2927|文山壮族苗族自治州|1|2814|0
|2928|文山县|1|2927|0
|2929|砚山县|1|2927|0
|2930|西畴县|1|2927|0
|2931|麻栗坡县|1|2927|0
|2932|马关县|1|2927|0
|2933|丘北县|1|2927|0
|2934|广南县|1|2927|0
|2935|富宁县|1|2927|0
|2936|西双版纳傣族自治州|1|2814|0
|2937|景洪市|1|2936|0
|2938|勐海县|1|2936|0
|2939|勐腊县|1|2936|0
|2940|大理白族自治州|1|2814|0
|2941|大理市|1|2940|0
|2942|漾濞彝族自治县|1|2940|0
|2943|祥云县|1|2940|0
|2944|宾川县|1|2940|0
|2945|弥渡县|1|2940|0
|2946|南涧彝族自治县|1|2940|0
|2947|巍山彝族回族自治县|1|2940|0
|2948|永平县|1|2940|0
|2949|云龙县|1|2940|0
|2950|洱源县|1|2940|0
|2951|剑川县|1|2940|0
|2952|鹤庆县|1|2940|0
|2953|德宏傣族景颇族自治州|1|2940|0
|2954|怒江傈僳族自治州|1|2814|0
|2955|泸水县|1|2954|0
|2956|福贡县|1|2954|0
|2957|贡山独龙族怒族自治县|1|2954|0
|2958|兰坪白族普米族自治县|1|2954|0
|2959|迪庆藏族自治州|1|2814|0
|2960|香格里拉县|1|2959|0
|2961|德钦县|1|2959|0
|2962|维西傈僳族自治县|1|2959|0
|2963|西藏自治区|1|0|0
|2964|拉萨市|1|2963|0
|2965|市辖区|1|2964|0
|2966|城关区|1|2964|0
|2967|林周县|1|2964|0
|2968|当雄县|1|2964|0
|2969|尼木县|1|2964|0
|2970|曲水县|1|2964|0
|2971|堆龙德庆县|1|2964|0
|2972|达孜县|1|2964|0
|2973|墨竹工卡县|1|2964|0
|2974|昌都地区|1|2963|0
|2975|昌都县|1|2974|0
|2976|江达县|1|2974|0
|2977|贡觉县|1|2974|0
|2978|类乌齐县|1|2974|0
|2979|丁青县|1|2974|0
|2980|察雅县|1|2974|0
|2981|八宿县|1|2974|0
|2982|左贡县|1|2974|0
|2983|芒康县|1|2974|0
|2984|洛隆县|1|2974|0
|2985|边坝县|1|2974|0
|2986|山南地区|1|2963|0
|2987|乃东县|1|2986|0
|2988|扎囊县|1|2986|0
|2989|贡嘎县|1|2986|0
|2990|桑日县|1|2986|0
|2991|琼结县|1|2986|0
|2992|曲松县|1|2986|0
|2993|措美县|1|2986|0
|2994|洛扎县|1|2986|0
|2995|加查县|1|2986|0
|2996|隆子县|1|2986|0
|2997|错那县|1|2986|0
|2998|浪卡子县|1|2986|0
|2999|日喀则地区|1|2963|0
|3000|日喀则市|1|2999|0
|3001|南木林县|1|2999|0
|3002|江孜县|1|2999|0
|3003|定日县|1|2999|0
|3004|萨迦县|1|2999|0
|3005|拉孜县|1|2999|0
|3006|昂仁县|1|2999|0
|3007|谢通门县|1|2999|0
|3008|白朗县|1|2999|0
|3009|仁布县|1|2999|0
|3010|康马县|1|2999|0
|3011|定结县|1|2999|0
|3012|仲巴县|1|2999|0
|3013|亚东县|1|2999|0
|3014|吉隆县|1|2999|0
|3015|聂拉木县|1|2999|0
|3016|萨嘎县|1|2999|0
|3017|岗巴县|1|2999|0
|3018|那曲地区|1|2963|0
|3019|那曲县|1|3018|0
|3020|嘉黎县|1|3018|0
|3021|比如县|1|3018|0
|3022|聂荣县|1|3018|0
|3023|安多县|1|3018|0
|3024|申扎县|1|3018|0
|3025|索县|1|3018|0
|3026|班戈县|1|3018|0
|3027|巴青县|1|3018|0
|3028|尼玛县|1|3018|0
|3029|阿里地区|1|2963|0
|3030|普兰县|1|3029|0
|3031|札达县|1|3029|0
|3032|噶尔县|1|3029|0
|3033|日土县|1|3029|0
|3034|革吉县|1|3029|0
|3035|改则县|1|3029|0
|3036|措勤县|1|3029|0
|3037|林芝地区|1|2963|0
|3038|林芝县|1|3037|0
|3039|工布江达县|1|3037|0
|3040|米林县|1|3037|0
|3041|墨脱县|1|3037|0
|3042|波密县|1|3037|0
|3043|察隅县|1|3037|0
|3044|朗县|1|3037|0
|3045|陕西省|1|0|0
|3046|西安市|1|3045|0
|3047|市辖区|1|3046|0
|3048|新城区|1|3046|0
|3049|碑林区|1|3046|0
|3050|莲湖区|1|3046|0
|3051|灞桥区|1|3046|0
|3052|未央区|1|3046|0
|3053|雁塔区|1|3046|0
|3054|阎良区|1|3046|0
|3055|临潼区|1|3046|0
|3056|长安区|1|3046|0
|3057|蓝田县|1|3046|0
|3058|周至县|1|3046|0
|3059|户县|1|3046|0
|3060|高陵县|1|3046|0
|3061|铜川市|1|3045|0
|3062|市辖区|1|3061|0
|3063|王益区|1|3061|0
|3064|印台区|1|3061|0
|3065|耀州区|1|3061|0
|3066|宜君县|1|3061|0
|3067|宝鸡市|1|3045|0
|3068|市辖区|1|3067|0
|3069|渭滨区|1|3067|0
|3070|金台区|1|3067|0
|3071|陈仓区|1|3067|0
|3072|凤翔县|1|3067|0
|3073|岐山县|1|3067|0
|3074|扶风县|1|3067|0
|3075|眉县|1|3067|0
|3076|陇县|1|3067|0
|3077|千阳县|1|3067|0
|3078|麟游县|1|3067|0
|3079|凤县|1|3067|0
|3080|太白县|1|3067|0
|3081|咸阳市|1|3045|0
|3082|市辖区|1|3081|0
|3083|秦都区|1|3081|0
|3084|杨凌区|1|3081|0
|3085|渭城区|1|3081|0
|3086|三原县|1|3081|0
|3087|泾阳县|1|3081|0
|3088|乾县|1|3081|0
|3089|礼泉县|1|3081|0
|3090|永寿县|1|3081|0
|3091|彬县|1|3081|0
|3092|长武县|1|3081|0
|3093|旬邑县|1|3081|0
|3094|淳化县|1|3081|0
|3095|武功县|1|3081|0
|3096|兴平市|1|3081|0
|3097|渭南市|1|3045|0
|3098|市辖区|1|3097|0
|3099|临渭区|1|3097|0
|3100|华县|1|3097|0
|3101|潼关县|1|3097|0
|3102|大荔县|1|3097|0
|3103|合阳县|1|3097|0
|3104|澄城县|1|3097|0
|3105|蒲城县|1|3097|0
|3106|白水县|1|3097|0
|3107|富平县|1|3097|0
|3108|韩城市|1|3097|0
|3109|华阴市|1|3097|0
|3110|延安市|1|3045|0
|3111|市辖区|1|3110|0
|3112|宝塔区|1|3110|0
|3113|延长县|1|3110|0
|3114|延川县|1|3110|0
|3115|子长县|1|3110|0
|3116|安塞县|1|3110|0
|3117|志丹县|1|3110|0
|3118|吴旗县|1|3110|0
|3119|甘泉县|1|3110|0
|3120|富县|1|3110|0
|3121|洛川县|1|3110|0
|3122|宜川县|1|3110|0
|3123|黄龙县|1|3110|0
|3124|黄陵县|1|3110|0
|3125|汉中市|1|3045|0
|3126|市辖区|1|3125|0
|3127|汉台区|1|3125|0
|3128|南郑县|1|3125|0
|3129|城固县|1|3125|0
|3130|洋县|1|3125|0
|3131|西乡县|1|3125|0
|3132|勉县|1|3125|0
|3133|宁强县|1|3125|0
|3134|略阳县|1|3125|0
|3135|镇巴县|1|3125|0
|3136|留坝县|1|3125|0
|3137|佛坪县|1|3125|0
|3138|榆林市|1|3045|0
|3139|市辖区|1|3138|0
|3140|榆阳区|1|3138|0
|3141|神木县|1|3138|0
|3142|府谷县|1|3138|0
|3143|横山县|1|3138|0
|3144|靖边县|1|3138|0
|3145|定边县|1|3138|0
|3146|绥德县|1|3138|0
|3147|米脂县|1|3138|0
|3148|佳县|1|3138|0
|3149|吴堡县|1|3138|0
|3150|清涧县|1|3138|0
|3151|子洲县|1|3138|0
|3152|安康市|1|3045|0
|3153|市辖区|1|3152|0
|3154|汉滨区|1|3152|0
|3155|汉阴县|1|3152|0
|3156|石泉县|1|3152|0
|3157|宁陕县|1|3152|0
|3158|紫阳县|1|3152|0
|3159|岚皋县|1|3152|0
|3160|平利县|1|3152|0
|3161|镇坪县|1|3152|0
|3162|旬阳县|1|3152|0
|3163|白河县|1|3152|0
|3164|商洛市|1|3045|0
|3165|市辖区|1|3164|0
|3166|商州区|1|3164|0
|3167|洛南县|1|3164|0
|3168|丹凤县|1|3164|0
|3169|商南县|1|3164|0
|3170|山阳县|1|3164|0
|3171|镇安县|1|3164|0
|3172|柞水县|1|3164|0
|3173|甘肃省|1|0|0
|3174|兰州市|1|3173|0
|3175|市辖区|1|3174|0
|3176|城关区|1|3174|0
|3177|七里河区|1|3174|0
|3178|西固区|1|3174|0
|3179|安宁区|1|3174|0
|3180|红古区|1|3174|0
|3181|永登县|1|3174|0
|3182|皋兰县|1|3174|0
|3183|榆中县|1|3174|0
|3184|嘉峪关市|1|3173|0
|3185|市辖区|1|3184|0
|3186|金昌市|1|3173|0
|3187|市辖区|1|3186|0
|3188|金川区|1|3186|0
|3189|永昌县|1|3186|0
|3190|白银市|1|3173|0
|3191|市辖区|1|3190|0
|3192|白银区|1|3190|0
|3193|平川区|1|3190|0
|3194|靖远县|1|3190|0
|3195|会宁县|1|3190|0
|3196|景泰县|1|3190|0
|3197|天水市|1|3173|0
|3198|市辖区|1|3197|0
|3199|秦城区|1|3197|0
|3200|北道区|1|3197|0
|3201|清水县|1|3197|0
|3202|秦安县|1|3197|0
|3203|甘谷县|1|3197|0
|3204|武山县|1|3197|0
|3205|张家川回族自治县|1|3197|0
|3206|武威市|1|3173|0
|3207|市辖区|1|3206|0
|3208|凉州区|1|3206|0
|3209|民勤县|1|3206|0
|3210|古浪县|1|3206|0
|3211|天祝藏族自治县|1|3206|0
|3212|张掖市|1|3173|0
|3213|市辖区|1|3212|0
|3214|甘州区|1|3212|0
|3215|肃南裕固族自治县|1|3212|0
|3216|民乐县|1|3212|0
|3217|临泽县|1|3212|0
|3218|高台县|1|3212|0
|3219|山丹县|1|3212|0
|3220|平凉市|1|3173|0
|3221|市辖区|1|3220|0
|3222|崆峒区|1|3220|0
|3223|泾川县|1|3220|0
|3224|灵台县|1|3220|0
|3225|崇信县|1|3220|0
|3226|华亭县|1|3220|0
|3227|庄浪县|1|3220|0
|3228|静宁县|1|3220|0
|3229|酒泉市|1|3173|0
|3230|市辖区|1|3229|0
|3231|肃州区|1|3229|0
|3232|金塔县|1|3229|0
|3233|安西县|1|3229|0
|3234|肃北蒙古族自治县|1|3229|0
|3235|阿克塞哈萨克族自治县|1|3229|0
|3236|玉门市|1|3229|0
|3237|敦煌市|1|3229|0
|3238|庆阳市|1|3173|0
|3239|市辖区|1|3238|0
|3240|西峰区|1|3238|0
|3241|庆城县|1|3238|0
|3242|环县|1|3238|0
|3243|华池县|1|3238|0
|3244|合水县|1|3238|0
|3245|正宁县|1|3238|0
|3246|宁县|1|3238|0
|3247|镇原县|1|3238|0
|3248|定西市|1|3173|0
|3249|市辖区|1|3248|0
|3250|安定区|1|3248|0
|3251|通渭县|1|3248|0
|3252|陇西县|1|3248|0
|3253|渭源县|1|3248|0
|3254|临洮县|1|3248|0
|3255|漳县|1|3248|0
|3256|岷县|1|3248|0
|3257|陇南市|1|3173|0
|3258|市辖区|1|3257|0
|3259|武都区|1|3257|0
|3260|成县|1|3257|0
|3261|文县|1|3257|0
|3262|宕昌县|1|3257|0
|3263|康县|1|3257|0
|3264|西和县|1|3257|0
|3265|礼县|1|3257|0
|3266|徽县|1|3257|0
|3267|两当县|1|3257|0
|3268|临夏回族自治州|1|3173|0
|3269|临夏市|1|3268|0
|3270|临夏县|1|3268|0
|3271|康乐县|1|3268|0
|3272|永靖县|1|3268|0
|3273|广河县|1|3268|0
|3274|和政县|1|3268|0
|3275|东乡族自治县|1|3268|0
|3276|积石山保安族东乡族撒拉族自治县|1|3268|0
|3277|甘南藏族自治州|1|3173|0
|3278|合作市|1|3277|0
|3279|临潭县|1|3277|0
|3280|卓尼县|1|3277|0
|3281|舟曲县|1|3277|0
|3282|迭部县|1|3277|0
|3283|玛曲县|1|3277|0
|3284|碌曲县|1|3277|0
|3285|夏河县|1|3277|0
|3286|青海省|1|0|0
|3287|西宁市|1|3286|0
|3288|市辖区|1|3287|0
|3289|城东区|1|3287|0
|3290|城中区|1|3287|0
|3291|城西区|1|3287|0
|3292|城北区|1|3287|0
|3293|大通回族土族自治县|1|3287|0
|3294|湟中县|1|3287|0
|3295|湟源县|1|3287|0
|3296|海东地区|1|3286|0
|3297|平安县|1|3296|0
|3298|民和回族土族自治县|1|3296|0
|3299|乐都县|1|3296|0
|3300|互助土族自治县|1|3296|0
|3301|化隆回族自治县|1|3296|0
|3302|循化撒拉族自治县|1|3296|0
|3303|海北藏族自治州|1|3286|0
|3304|门源回族自治县|1|3303|0
|3305|祁连县|1|3303|0
|3306|海晏县|1|3303|0
|3307|刚察县|1|3303|0
|3308|黄南藏族自治州|1|3286|0
|3309|同仁县|1|3308|0
|3310|尖扎县|1|3308|0
|3311|泽库县|1|3308|0
|3312|河南蒙古族自治县|1|3308|0
|3313|海南藏族自治州|1|3286|0
|3314|共和县|1|3313|0
|3315|同德县|1|3313|0
|3316|贵德县|1|3313|0
|3317|兴海县|1|3313|0
|3318|贵南县|1|3313|0
|3319|果洛藏族自治州|1|3286|0
|3320|玛沁县|1|3319|0
|3321|班玛县|1|3319|0
|3322|甘德县|1|3319|0
|3323|达日县|1|3319|0
|3324|久治县|1|3319|0
|3325|玛多县|1|3319|0
|3326|玉树藏族自治州|1|3286|0
|3327|玉树县|1|3326|0
|3328|杂多县|1|3326|0
|3329|称多县|1|3326|0
|3330|治多县|1|3326|0
|3331|囊谦县|1|3326|0
|3332|曲麻莱县|1|3326|0
|3333|海西蒙古族藏族自治州|1|3286|0
|3334|格尔木市|1|3333|0
|3335|德令哈市|1|3333|0
|3336|乌兰县|1|3333|0
|3337|都兰县|1|3333|0
|3338|天峻县|1|3333|0
|3339|宁夏回族自治区|1|0|0
|3340|银川市|1|3339|0
|3341|市辖区|1|3340|0
|3342|兴庆区|1|3340|0
|3343|西夏区|1|3340|0
|3344|金凤区|1|3340|0
|3345|永宁县|1|3340|0
|3346|贺兰县|1|3340|0
|3347|灵武市|1|3340|0
|3348|石嘴山市|1|3339|0
|3349|市辖区|1|3348|0
|3350|大武口区|1|3348|0
|3351|惠农区|1|3348|0
|3352|平罗县|1|3348|0
|3353|吴忠市|1|3339|0
|3354|市辖区|1|3353|0
|3355|利通区|1|3353|0
|3356|盐池县|1|3353|0
|3357|同心县|1|3353|0
|3358|青铜峡市|1|3353|0
|3359|固原市|1|3339|0
|3360|市辖区|1|3359|0
|3361|原州区|1|3359|0
|3362|西吉县|1|3359|0
|3363|隆德县|1|3359|0
|3364|泾源县|1|3359|0
|3365|彭阳县|1|3359|0
|3366|中卫市|1|3339|0
|3367|市辖区|1|3366|0
|3368|沙坡头区|1|3366|0
|3369|中宁县|1|3366|0
|3370|海原县|1|3366|0
|3371|新疆维吾尔自治区|1|0|0
|3372|乌鲁木齐市|1|3371|0
|3373|市辖区|1|3372|0
|3374|天山区|1|3372|0
|3375|沙依巴克区|1|3372|0
|3376|新市区|1|3372|0
|3377|水磨沟区|1|3372|0
|3378|头屯河区|1|3372|0
|3379|达坂城区|1|3372|0
|3380|东山区|1|3372|0
|3381|乌鲁木齐县|1|3372|0
|3382|克拉玛依市|1|3371|0
|3383|市辖区|1|3382|0
|3384|独山子区|1|3382|0
|3385|克拉玛依区|1|3382|0
|3386|白碱滩区|1|3382|0
|3387|乌尔禾区|1|3382|0
|3388|吐鲁番地区|1|3371|0
|3389|吐鲁番市|1|3388|0
|3390|鄯善县|1|3388|0
|3391|托克逊县|1|3388|0
|3392|哈密地区|1|3371|0
|3393|哈密市|1|3392|0
|3394|巴里坤哈萨克自治县|1|3392|0
|3395|伊吾县|1|3392|0
|3396|昌吉回族自治州|1|3371|0
|3397|昌吉市|1|3396|0
|3398|阜康市|1|3396|0
|3399|米泉市|1|3396|0
|3400|呼图壁县|1|3396|0
|3401|玛纳斯县|1|3396|0
|3402|奇台县|1|3396|0
|3403|吉木萨尔县|1|3396|0
|3404|木垒哈萨克自治县|1|3396|0
|3405|博尔塔拉蒙古自治州|1|3371|0
|3406|博乐市|1|3405|0
|3407|精河县|1|3405|0
|3408|温泉县|1|3405|0
|3409|巴音郭楞蒙古自治州|1|3371|0
|3410|库尔勒市|1|3409|0
|3411|轮台县|1|3409|0
|3412|尉犁县|1|3409|0
|3413|若羌县|1|3409|0
|3414|且末县|1|3409|0
|3415|焉耆回族自治县|1|3409|0
|3416|和静县|1|3409|0
|3417|和硕县|1|3409|0
|3418|博湖县|1|3409|0
|3419|阿克苏地区|1|3371|0
|3420|阿克苏市|1|3419|0
|3421|温宿县|1|3419|0
|3422|库车县|1|3419|0
|3423|沙雅县|1|3419|0
|3424|新和县|1|3419|0
|3425|拜城县|1|3419|0
|3426|乌什县|1|3419|0
|3427|阿瓦提县|1|3419|0
|3428|柯坪县|1|3419|0
|3429|克孜勒苏柯尔克孜自治州|1|3371|0
|3430|阿图什市|1|3429|0
|3431|阿克陶县|1|3429|0
|3432|阿合奇县|1|3429|0
|3433|乌恰县|1|3429|0
|3434|喀什地区|1|3371|0
|3435|喀什市|1|3434|0
|3436|疏附县|1|3434|0
|3437|疏勒县|1|3434|0
|3438|英吉沙县|1|3434|0
|3439|泽普县|1|3434|0
|3440|莎车县|1|3434|0
|3441|叶城县|1|3434|0
|3442|麦盖提县|1|3434|0
|3443|岳普湖县|1|3434|0
|3444|伽师县|1|3434|0
|3445|巴楚县|1|3434|0
|3446|塔什库尔干塔吉克自治县|1|3434|0
|3447|和田地区|1|3371|0
|3448|和田市|1|3447|0
|3449|和田县|1|3447|0
|3450|墨玉县|1|3447|0
|3451|皮山县|1|3447|0
|3452|洛浦县|1|3447|0
|3453|策勒县|1|3447|0
|3454|于田县|1|3447|0
|3455|民丰县|1|3447|0
|3456|伊犁哈萨克自治州|1|3371|0
|3457|伊宁市|1|3456|0
|3458|奎屯市|1|3456|0
|3459|伊宁县|1|3456|0
|3460|察布查尔锡伯自治县|1|3456|0
|3461|霍城县|1|3456|0
|3462|巩留县|1|3456|0
|3463|新源县|1|3456|0
|3464|昭苏县|1|3456|0
|3465|特克斯县|1|3456|0
|3466|尼勒克县|1|3456|0
|3467|塔城地区|1|3371|0
|3468|塔城市|1|3467|0
|3469|乌苏市|1|3467|0
|3470|额敏县|1|3467|0
|3471|沙湾县|1|3467|0
|3472|托里县|1|3467|0
|3473|裕民县|1|3467|0
|3474|和布克赛尔蒙古自治县|1|3467|0
|3475|阿勒泰地区|1|3371|0
|3476|阿勒泰市|1|3475|0
|3477|布尔津县|1|3475|0
|3478|富蕴县|1|3475|0
|3479|福海县|1|3475|0
|3480|哈巴河县|1|3475|0
|3481|青河县|1|3475|0
|3482|吉木乃县|1|3475|0
|3483|省直辖行政单位|1|3371|0
|3484|石河子市|1|3483|0
|3485|阿拉尔市|1|3483|0
|3486|图木舒克市|1|3483|0
|3487|五家渠市|1|3483|0
